Angle Bartlett MVDR MUSIC
-90.0 -19.660246957399682 -24.81819098113215 -41.762907709799634
-89.81981981981981 -19.65934421504906 -24.8181753869587 -41.76289608823048
-89.63963963963964 -19.65663698598471 -24.818128598025208 -41.76286120212734
-89.45945945945945 -19.652128263716264 -24.81805059513742 -41.76280298735235
-89.27927927927928 -19.645823035905654 -24.81794134645539 -41.76272133717316
-89.09909909909909 -19.637728282048904 -24.817800807719273 -41.76261610250934
-88.91891891891892 -19.62785297015577 -24.817628922565266 -41.76248709227767
-88.73873873873873 -19.61620805235596 -24.81742562293178 -41.76233407383691
-88.55855855855856 -19.60280645934226 -24.81719082955568 -41.76215677353269
-88.37837837837837 -19.587663093545654 -24.816924452558563 -41.76195487734283
-88.1981981981982 -19.57079482092491 -24.816626392122796 -41.761728031624344
-88.01801801801801 -19.55222046124401 -24.816296539257287 -41.76147584396269
-87.83783783783784 -19.53196077670307 -24.815934776652632 -41.76119788412442
-87.65765765765765 -19.510038458786447 -24.815540979625446 -41.76089368511423
-87.47747747747748 -19.486478113191847 -24.815115017151474 -41.76056274433773
-87.29729729729729 -19.461306242707085 -24.814656752987062 -41.76020452487093
-87.11711711711712 -19.434551227910475 -24.814166046878515 -41.759818456837976
-86.93693693693693 -19.40624330558038 -24.813642755858712 -41.75940393889845
-86.75675675675676 -19.37641454471365 -24.813086735630264 -41.758960339845444
-86.57657657657657 -19.34509882006999 -24.81249784203438 -41.75848700031611
-86.3963963963964 -19.31233178317934 -24.811875932604444 -41.75798323461588
-86.21621621621621 -19.278150830769768 -24.81122086820328 -41.757448332657916
-86.03603603603604 -19.24259507059989 -24.81053251474259 -41.75688156201914
-85.85585585585585 -19.205705284701878 -24.809810744983324 -41.75628217011422
-85.67567567567568 -19.167523890070452 -24.809055440415126 -41.75564938648883
-85.49549549549549 -19.128094896857895 -24.808266493213043 -41.7549824252334
-85.31531531531532 -19.08746386416314 -24.807443808269255 -41.754280487518486
-85.13513513513513 -19.045677853529 -24.80658730529752 -41.7535427642528
-84.95495495495496 -19.002785380287126 -24.805696921007588 -41.75276843886471
-84.77477477477477 -18.95883636291566 -24.80477261134661 -41.75195669020808
-84.5945945945946 -18.913882070595307 -24.80381435380422 -41.75110669559275
-84.41441441441441 -18.867975069172367 -24.802822149777704 -41.75021763394011
-84.23423423423424 -18.821169165754444 -24.8017960269932 -41.74928868906382
-84.05405405405405 -18.773519352181506 -24.800736041978546 -41.748319053075384
-83.87387387387388 -18.725081747627403 -24.799642282583054 -41.74730792991425
-83.69369369369369 -18.675913540598273 -24.798514870538956 -41.7462545390014
-83.51351351351352 -18.626072930602415 -24.79735396405885 -41.74515811901537
-83.33333333333333 -18.5756190697693 -24.79615976046314 -41.744017931789216
-83.15315315315316 -18.52461200470001 -24.794932498830818 -41.74283326632608
-82.97297297297297 -18.47311261882876 -24.793672462666546 -41.74160344293148
-82.7927927927928 -18.42118257557297 -24.7923799825764 -41.740327817458756
-82.61261261261261 -18.368884262542657 -24.791055438944273 -41.73900578566479
-82.43243243243244 -18.31628073707385 -24.789699264600177 -41.73763678767156
-82.25225225225225 -18.263435673337977 -24.788311947471318 -41.73622031252918
-82.07207207207207 -18.210413311270386 -24.78689403320612 -41.7347559028751
-81.89189189189189 -18.157278407545196 -24.785446127760924 -41.73324315968367
-81.71171171171171 -18.10409618881158 -24.783968899938426 -41.73168174709927
-81.53153153153153 -18.050932307388795 -24.782463083866375 -41.73007139734597
-81.35135135135135 -17.997852799602434 -24.780929481404463 -41.7284119157054
-81.17117117117117 -17.944924046927547 -24.779368964466823 -41.72670318555401
-80.990990990991 -17.892212740086144 -24.777782477246895 -41.72494517345002
-80.8108108108108 -17.839785846231354 -24.776171038330933 -41.72313793425936
-80.63063063063063 -17.787710579332106 -24.774535742685902 -41.72128161630911
-80.45045045045045 -17.736054373857083 -24.772877763506933 -41.719376466556
-80.27027027027027 -17.684884861840466 -24.771198353909135 -41.71742283575646
-80.09009009009009 -17.634269853396724 -24.76949884844789 -41.715421183623846
-79.90990990990991 -17.584277320738604 -24.76778066445169 -41.71337208395738
-79.72972972972973 -17.534975385738235 -24.766045303150776 -41.711276229726224
-79.54954954954955 -17.486432311060327 -24.764294350584922 -41.70913443809117
-79.36936936936937 -17.438716494884684 -24.762529478273073 -41.70694765534528
-79.1891891891892 -17.39189646922686 -24.76075244362768 -41.704716961753725
-79.009009009009 -17.346040901855574 -24.758965090096158 -41.70244357627189
-78.82882882882883 -17.301218601800716 -24.75716934701201 -41.70012886111987
-78.64864864864865 -17.257498528438052 -24.75536722913814 -41.697774326190356
-78.46846846846847 -17.21494980413288 -24.753560835884993 -41.69538163326546
-78.28828828828829 -17.17364173042139 -24.751752350186358 -41.69295260001762
-78.10810810810811 -17.1336438077062 -24.749944037016128 -41.690489203768095
-77.92792792792793 -17.095025758441253 -24.74813824152955 -41.68799358497572
-77.74774774774775 -17.057857553781147 -24.746337386813344 -41.68546805042788
-77.56756756756756 -17.02220944367084 -24.744543971229497 -41.68291507610422
-77.38738738738739 -16.988151990352797 -24.742760565338635 -41.68033730968329
-77.2072072072072 -16.9557561052723 -24.74098980838971 -41.67773757266112
-77.02702702702703 -16.92509308936298 -24.73923440436397 -41.675118862050326
-76.84684684684684 -16.89623467669955 -24.73749711756244 -41.67248435162746
-76.66666666666667 -16.86925308150824 -24.73578076772771 -41.669837392696174
-76.48648648648648 -16.84422104853003 -24.7340882246923 -41.66718151433294
-76.30630630630631 -16.821211906735144 -24.73242240254789 -41.66452042308238
-76.12612612612612 -16.800299626393652 -24.730786253331534 -41.66185800206863
-75.94594594594595 -16.781558879508736 -24.729182760227268 -41.65919830948975
-75.76576576576576 -16.765065103624398 -24.727614930283703 -41.65654557646211
-75.58558558558559 -16.750894569022034 -24.726085786650934 -41.653904204182304
-75.4054054054054 -16.73912444932164 -24.724598360342576 -41.65127876037482
-75.22522522522523 -16.729832895503783 -24.723155681531686 -41.64867397499468
-75.04504504504504 -16.723099113368207 -24.721760770392393 -41.64609473515508
-74.86486486486487 -16.719003444439995 -24.720416627502072 -41.643546079252175
-74.68468468468468 -16.717627450327747 -24.71912622382236 -41.64103319025985
-74.50450450450451 -16.719054000530075 -24.717892490280633 -41.638561388170416
-74.32432432432432 -16.723367363668764 -24.716718306977125 -41.636136121558295
-74.14414414414415 -16.73065330211051 -24.715606492046582 -41.63376295824741
-73.96396396396396 -16.740999169910577 -24.714559790206888 -41.631447575064925
-73.78378378378379 -16.754494013977464 -24.713580861031026 -41.62919574666784
-73.6036036036036 -16.771228678314397 -24.71267226698245 -41.62701333343229
-73.42342342342343 -16.79129591113555 -24.71183646125768 -41.62490626839893
-73.24324324324324 -16.81479047458603 -24.711075775483856 -41.622880543272494
-73.06306306306307 -16.84180925670493 -24.710392407322534 -41.62094219347766
-72.88288288288288 -16.872451385161572 -24.70978840803468 -41.61909728227833
-72.70270270270271 -16.906818342160562 -24.709265670065417 -41.617351883972525
-72.52252252252252 -16.945014079742045 -24.708825914710285 -41.615712066180464
-72.34234234234233 -16.98714513450058 -24.708470679928027 -41.614183871248855
-72.16216216216216 -17.033320740492304 -24.708201308367812 -41.61277329680065
-71.98198198198199 -17.08365293879289 -24.708018935681523 -41.61148627546513
-71.8018018018018 -17.138256681789176 -24.707924479194055 -41.61032865382992
-71.62162162162161 -17.197249929829166 -24.70791862700664 -41.60930617066236
-71.44144144144144 -17.26075373728593 -24.70800182760992 -41.6084244344549
-71.26126126126127 -17.328892324407054 -24.708174280084698 -41.60768890035481
-71.08108108108108 -17.401793130475173 -24.708435924969212 -41.60710484654576
-70.9009009009009 -17.47958684277879 -24.70878643587204 -41.606677350155095
-70.72072072072072 -17.56240739463635 -24.709225211909782 -41.606411262766834
-70.54054054054055 -17.650391924181132 -24.709751371047876 -41.606311185626765
-70.36036036036036 -17.74368068373918 -24.710363744421805 -41.606381444632135
-70.18018018018017 -17.84241688734134 -24.711060871714224 -41.60662606520396
-70.0 -17.946746481107898 -24.711840997661206 -41.60704874714531
-69.81981981981983 -18.056817817822193 -24.712702069757903 -41.60765283959398
-69.63963963963964 -18.172781212825438 -24.713641737230503 -41.60844131618244
-69.45945945945945 -18.294788353255296 -24.714657351337213 -41.609416750521724
-69.27927927927928 -18.42299152641569 -24.715745967056392 -41.61058129212939
-69.0990990990991 -18.55754262546246 -24.716904346214747 -41.61193664292433
-68.91891891891892 -18.698591881336746 -24.718128962102615 -41.613484034413204
-68.73873873873873 -18.846286258643122 -24.71941600561704 -41.6152242056945
-68.55855855855856 -19.000767439574457 -24.72076139296653 -41.617157382406695
-68.37837837837839 -19.162169303597828 -24.722160774963754 -41.61928325674669
-68.1981981981982 -19.33061479099148 -24.72360954792495 -41.62160096868355
-68.01801801801801 -19.506212014997935 -24.725102866185967 -41.624109088490435
-67.83783783783784 -19.689049459936403 -24.72663565623662 -41.62680560071485
-67.65765765765767 -19.879190070854 -24.728202632465603 -41.62968788970374
-67.47747747747748 -20.076664004255452 -24.729798314498836 -41.63275272679516
-67.29729729729729 -20.281459769764787 -24.731417046104447 -41.635996259283175
-67.11711711711712 -20.49351345084386 -24.733053015627448 -41.63941400125641
-66.93693693693695 -20.712695652054443 -24.73470027790723 -41.64300082640392
-66.75675675675676 -20.938795786356973 -24.73635277762025 -41.64675096287441
-66.57657657657657 -21.171503297742365 -24.738004373980324 -41.65065799026716
-66.3963963963964 -21.41038542644646 -24.739648866717907 -41.654714838823715
-66.21621621621622 -21.654861187664196 -24.74128002324973 -41.65891379088115
-66.03603603603604 -21.9041713810573 -24.742891606939168 -41.66324648463749
-65.85585585585585 -22.15734471982341 -24.744477406337715 -41.667703920270895
-65.67567567567568 -22.41316061903701 -24.74603126528749 -41.672276468443755
-65.4954954954955 -22.67010987692162 -24.747547113754496 -41.676953881213294
-65.31531531531532 -22.926355482701 -24.749018999252826 -41.68172530536004
-65.13513513513513 -23.179697132003966 -24.75044111871008 -41.68657929813606
-64.95495495495496 -23.42754470673688 -24.75180785061522 -41.69150384542479
-64.77477477477478 -23.66690784378818 -24.753113787281183 -41.69648638229543
-64.5945945945946 -23.894410447331957 -24.754353767046208 -41.70151381592579
-64.41441441441441 -24.106340008700165 -24.755522906229782 -41.70657255085886
-64.23423423423424 -24.298741042752653 -24.756616630651923 -41.71164851655096
-64.05405405405406 -24.46755886499451 -24.75763070651771 -41.716727197161646
-63.873873873873876 -24.608833582665675 -24.758561270462923 -41.72179366352917
-63.693693693693696 -24.718934607135328 -24.759404858551513 -41.72683260726936
-63.513513513513516 -24.79481463353347 -24.760158434011032 -41.73182837693091
-63.333333333333336 -24.834251860086383 -24.760819413488914 -41.73676501613527
-63.153153153153156 -24.836044142291044 -24.761385691609945 -41.74162630362625
-62.972972972972975 -24.80012205351788 -24.761855663613915 -41.74639579515157
-62.792792792792795 -24.727560168488516 -24.762228245852608 -41.75105686709631
-62.612612612612615 -24.62048445987001 -24.762502893926364 -41.755592761787376
-62.432432432432435 -24.481892928397507 -24.76267961824334 -41.759986634387175
-62.252252252252255 -24.31542060190305 -24.76275899678904 -41.764221601295056
-62.072072072072075 -24.125085285886815 -24.762742184899544 -41.76828078997535
-61.891891891891895 -23.915046923014263 -24.762630921840056 -41.77214739013233
-61.711711711711715 -23.689403989373474 -24.762427534000203 -41.77580470615361
-61.531531531531535 -23.452038948829298 -24.762134934529442 -41.77923621074551
-61.351351351351354 -23.206514669410012 -24.76175661925027 -41.78242559968574
-61.171171171171174 -22.95601663293173 -24.761296658703415 -41.78535684762083
-60.990990990990994 -22.703332038741898 -24.7607596861981 -41.788014264837734
-60.81081081081081 -22.45085589268747 -24.760150881761945 -41.790382554940415
-60.630630630630634 -22.20061492884025 -24.759475951909018 -41.792446873364135
-60.45045045045045 -21.954301847552667 -24.758741105170973 -41.794192886660355
-60.270270270270274 -21.713314227122652 -24.757953023365538 -41.79560683248549
-60.09009009009009 -21.478794199451553 -24.75711882860786 -41.79667558022608
-59.90990990990991 -21.25166640134355 -24.756246046104575 -41.79738669219091
-59.729729729729726 -21.032672784317825 -24.75534256280648 -41.79772848529752
-59.54954954954955 -20.822403619443982 -24.754416582034374 -41.79769009317634
-59.369369369369366 -20.621324530479995 -24.75347657423278 -41.79726152860927
-59.18918918918919 -20.429799693025625 -24.752531224048138 -41.796433746211825
-59.009009009009006 -20.24811150621687 -24.75158937397139 -41.79519870525823
-58.82882882882883 -20.076477121616925 -24.750659964828664 -41.79354943253669
-58.648648648648646 -19.915062234668408 -24.7497519734481 -41.79148008510795
-58.46846846846847 -19.763992530719683 -24.748874347875276 -41.7889860128234
-58.288288288288285 -19.623363145917256 -24.748035940552825 -41.78606382043966
-58.10810810810811 -19.493246463263855 -24.747245439922256 -41.78271142914436
-57.92792792792793 -19.373698522060213 -24.746511300945954 -41.77892813728289
-57.74774774774775 -19.264764278334972 -24.745841675084748 -41.77471468004772
-57.56756756756757 -19.166481916566752 -24.745244340300733 -41.77007328786114
-57.38738738738739 -19.078886379792543 -24.7447266316847 -41.76500774314781
-57.20720720720721 -19.00201225620924 -24.74429537333295 -41.75952343515696
-57.02702702702703 -18.93589613537745 -24.743956812118025 -41.753627412453504
-56.84684684684685 -18.880578525708238 -24.74371655401133 -41.74732843265518
-56.66666666666667 -18.836105406547333 -24.743579503622996 -41.74063700894712
-56.48648648648649 -18.802529472335713 -24.74354980762376 -41.733565452857995
-56.30630630630631 -18.779911112499278 -24.74363080270631 -41.72612791273286
-56.12612612612613 -18.76831915839379 -24.743824968727655 -41.718340407286775
-55.94594594594595 -18.767831417320096 -24.7441338876505 -41.71022085357302
-55.76576576576577 -18.77853500284543 -24.74455820886968 -41.70178908864824
-55.58558558558559 -18.800526459939245 -24.745097621469792 -41.69306688416759
-55.4054054054054 -18.833911672250146 -24.745750833912062 -41.68407795309548
-55.22522522522522 -18.87880552666331 -24.74651556159324 -41.67484794767367
-55.04504504504504 -18.935331296471414 -24.747388522656316 -41.6654044477493
-54.86486486486486 -19.003619688351556 -24.748365442363806 -41.65577693853362
-54.68468468468468 -19.083807479019605 -24.74944106626915 -41.64599677683722
-54.5045045045045 -19.176035643934483 -24.750609182341496 -41.63609714481437
-54.32432432432432 -19.280446851531895 -24.75186265211489 -41.626112990246575
-54.14414414414414 -19.397182160750923 -24.753193450845053 -41.61608095240809
-53.96396396396396 -19.52637671538656 -24.754592716567284 -41.60603927258475
-53.78378378378378 -19.6681541741224 -24.75605080785791 -41.59602768836458
-53.6036036036036 -19.82261954786498 -24.7575573700105 -41.586087310886406
-53.42342342342342 -19.989850034098136 -24.759101409247876 -41.576260484322766
-53.24324324324324 -20.169883339635444 -24.760671374502717 -41.56659062698783
-53.06306306306306 -20.36270286763436 -24.762255246213698 -41.557122053601006
-52.88288288288288 -20.568219013518775 -24.763840631502866 -41.54789977840317
-52.7027027027027 -20.786245673233985 -24.76541486502235 -41.53896929901619
-52.52252252252252 -21.01647092921425 -24.76696511468685 -41.530376361156456
-52.34234234234234 -21.258420770314757 -24.768478491442316 -41.5221667045597
-52.16216216216216 -21.51141466755311 -24.769942162161644 -41.5143857907443
-51.98198198198198 -21.77451194409654 -24.77134346470582 -41.50707851353272
-51.8018018018018 -22.046448265231007 -24.772670024143363 -41.50028889356031
-51.62162162162162 -22.32556240836456 -24.773909869083553 -41.494059758323935
-51.44144144144144 -22.60971499394579 -24.775051547048747 -41.488432409653804
-51.26126126126126 -22.896203353525276 -24.776084237789433 -41.48344628082404
-51.08108108108108 -23.181680454976863 -24.776997863431976 -41.479138585843074
-50.9009009009009 -23.462090907069975 -24.777783194343503 -41.47554396377678
-50.72072072072072 -23.73264319458425 -24.77843194960186 -41.47269412124551
-50.54054054054054 -23.98784327166596 -24.778936890969845 -41.47061747649319
-50.36036036036036 -24.221618024797294 -24.77929190929406 -41.46933880864269
-50.18018018018018 -24.427554137270036 -24.77949210227779 -41.4688789159186
-50.0 -24.599264316935987 -24.779533842616797 -41.469254286729075
-49.81981981981982 -24.730866350215376 -24.779414835535015 -41.470476787544484
-49.63963963963964 -24.817524044283346 -24.779134164816014 -41.47255337148887
-49.45945945945946 -24.855963690307977 -24.778692326494728 -41.47548581146484
-49.27927927927928 -24.84486196627794 -24.778091249453695 -41.47927046146432
-49.0990990990991 -24.785015566704203 -24.777334302258723 -41.48389804947446
-48.91891891891892 -24.679250554926035 -24.77642628567102 -41.48935350507605
-48.73873873873874 -24.532094129867797 -24.775373410386763 -41.495615824452415
-48.55855855855856 -24.34928691956017 -24.77418325968083 -41.50265797509188
-48.37837837837838 -24.137239272780256 -24.772864736768987 -41.51044684198138
-48.1981981981982 -23.902526091477235 -24.77142799685225 -41.51894321656849
-48.01801801801802 -23.651482895818887 -24.769884363967485 -41.528101829223026
-47.83783783783784 -23.389928182780867 -24.768246232939653 -41.53787142537364
-47.65765765765766 -23.123006918841043 -24.766526956911346 -41.54819488494293
-47.47747747747748 -22.855132518310143 -24.764740721113803 -41.55900938417002
-47.2972972972973 -22.589998834036518 -24.762902403738522 -41.57024659840687
-47.11711711711712 -22.33063555930833 -24.76102742496669 -41.58183294401607
-46.93693693693694 -22.079485942331086 -24.75913158541408 -41.59368985709409
-46.75675675675676 -21.83849197369945 -24.75723089544659 -41.60573410640463
-46.57657657657658 -21.60917769177038 -24.75534139701479 -41.617878137639096
-46.3963963963964 -21.392725415251817 -24.75347897983926 -41.63003044592944
-46.21621621621622 -21.19004256655138 -24.75165919394953 -41.642095973425995
-46.03603603603604 -21.001818537986527 -24.749897060732454 -41.65397652871904
-45.85585585585586 -20.828572069314973 -24.748206884778227 -41.66557122492631
-45.67567567567568 -20.670690106724354 -24.74660206891803 -41.676776933384836
-45.4954954954955 -20.528459296033716 -24.745094934924122 -41.687488750069576
-45.31531531531532 -20.40209126215443 -24.743696552386126 -41.69760047210545
-45.13513513513514 -20.291742730875985 -24.742416578284008 -41.70700508203645
-44.95495495495496 -20.19753141151023 -24.741263109745656 -41.715595237855396
-44.77477477477478 -20.11954841056116 -24.740242552403767 -41.723263767172874
-44.5945945945946 -20.057867803414954 -24.739359506651365 -41.729904164303484
-44.414414414414416 -20.012553860185584 -24.738616673938427 -41.73541108946235
-44.234234234234236 -19.983666305192664 -24.738014785054222 -41.73968086968738
-44.054054054054056 -19.971263886102733 -24.737552552103065 -41.74261200152177
-43.873873873873876 -19.975406435998405 -24.73722664560892 -41.7441056559013
-43.693693693693696 -19.996155526249268 -24.737031697879537 -41.744066186082165
-43.513513513513516 -20.03357372635798 -24.736960333429167 -41.74240163981093
-43.333333333333336 -20.08772240503424 -24.7370032269055 -41.739024277271184
-43.153153153153156 -20.15865792054379 -24.737149188596952 -41.733851096634766
-42.972972972972975 -20.2464259536886 -24.737385277218074 -41.72680436929038
-42.792792792792795 -20.351053629332387 -24.737696939288625 -41.71781218701327
-42.612612612612615 -20.472538948084313 -24.738068174044017 -41.7068090234647
-42.432432432432435 -20.61083690512566 -24.738481722445872 -41.69373631246251
-42.252252252252255 -20.765841506386963 -24.738919278508284 -41.67854304543012
-42.072072072072075 -20.937362705005526 -24.73936172082267 -41.661186390299335
-41.891891891891895 -21.12509708152618 -24.739789361856598 -41.64163233389657
-41.711711711711715 -21.32859089991748 -24.74018221232312 -41.61985634946409
-41.531531531531535 -21.5471940287375 -24.740520257670255 -41.59584409043926
-41.351351351351354 -21.78000319611028 -24.74078374352704 -41.56959211091
-41.171171171171174 -22.025793272134283 -24.740953466764584 -41.54110861226083
-40.990990990990994 -22.28293593784855 -24.741011068688252 -41.510414214390934
-40.810810810810814 -22.549306491870365 -24.74093932677078 -41.47754274849697
-40.630630630630634 -22.82218204506571 -24.740722441265163 -41.44254206673615
-40.450450450450454 -23.09813839299008 -24.74034631299983 -41.405474862094415
-40.270270270270274 -23.37295877771615 -24.739798808656623 -41.36641948945296
-40.090090090090094 -23.64157549263922 -24.73907000986322 -41.3254707761576
-39.90990990990991 -23.898073840457048 -24.73815244249542 -41.282740807341234
-39.72972972972973 -24.135794688083415 -24.737041282681638 -41.23835966784047
-39.54954954954955 -24.347572044478948 -24.735734536131147 -41.19247611881258
-39.36936936936937 -24.526129510023114 -24.734233187571427 -41.14525818316096
-39.18918918918919 -24.664629156679304 -24.732541317278244 -41.09689360971261
-39.00900900900901 -24.757319740711168 -24.730666181917712 -41.04759018190521
-38.82882882882883 -24.800180672139255 -24.72861825719488 -40.997575832731414
-38.64864864864865 -24.79142697078963 -24.7264112401199 -40.947098524111844
-38.46846846846847 -24.731751536413775 -24.724062009064784 -40.8964258460497
-38.28828828828829 -24.624240464337678 -24.7215905401923 -40.845844289243004
-38.10810810810811 -24.47398426027492 -24.719019779296552 -40.79565814473658
-37.92792792792793 -24.287484892792577 -24.716375468603093 -40.74618798616385
-37.74774774774775 -24.07199425905042 -24.713685928635112 -40.69776869464487
-37.56756756756757 -23.834906956507655 -24.71098179586004 -40.65074699393081
-37.38738738738739 -23.583285974185635 -24.708295717483892 -40.605478474283416
-37.20720720720721 -23.323549041873726 -24.705662005453604 -40.56232409807382
-37.02702702702703 -23.061304283266644 -24.703116252452002 -40.52164619817083
-36.84684684684685 -22.80130292682847 -24.700694913415067 -40.48380400156796
-36.66666666666667 -22.547471549426792 -24.698434856853147 -40.44914873471566
-36.48648648648649 -22.302990566845967 -24.69637289100042 -40.41801839263481
-36.30630630630631 -22.070393802794094 -24.694545270531375 -40.39073227965683
-36.12612612612613 -21.851672317680297 -24.692987190249145 -40.36758545379304
-35.94594594594595 -21.64837254059906 -24.69173227274542 -40.34884322728659
-35.76576576576577 -21.461683678823462 -24.690812057533577 -40.33473589079078
-35.58558558558559 -21.292512575155712 -24.690255499543056 -40.32545383595159
-35.40540540540541 -21.141546059650782 -24.690088485112774 -40.32114324944823
-35.22522522522523 -21.00930181443652 -24.690333373717163 -40.321902539884384
-35.04504504504505 -20.89616917197276 -24.691008573584586 -40.32777963725384
-34.86486486486487 -20.802441335036836 -24.692128159115214 -40.33877027385885
-34.68468468468469 -20.72834039593742 -24.693701537569233 -40.3548173172679
-34.50450450450451 -20.674036337412034 -24.695733171877986 -40.375811182654864
-34.32432432432433 -20.639660971808283 -24.698222365638962 -40.40159130668407
-34.14414414414415 -20.625317545706316 -24.701163115404917 -40.43194862122553
-33.96396396396397 -20.631086515303988 -24.704544034288865 -40.466628925690486
-33.78378378378379 -20.657027785430444 -24.708348349706732 -40.50533702429237
-33.60360360360361 -20.703179498421775 -24.712553976799107 -40.547741470959
-33.42342342342343 -20.769553251892134 -24.7171336677469 -40.593479750966836
-33.24324324324325 -20.85612540905948 -24.72205523585865 -40.642163724742844
-33.06306306306307 -20.962823934230066 -24.727281851995812 -40.693385164956226
-32.88288288288289 -21.089509933494462 -24.732772409650874 -40.74672123160685
-32.70270270270271 -21.235952805004317 -24.73848195383311 -40.80173974947571
-32.52252252252253 -21.40179761115712 -24.744362167875245 -40.858004175993756
-32.34234234234235 -21.586522998992677 -24.750361911372856 -40.91507817328984
-32.16216216216216 -21.789387764755837 -24.756427801722598 -40.97252972406891
-31.98198198198198 -22.00936407893589 -24.762504831144593 -41.02993475554272
-31.8018018018018 -22.245055625413556 -24.768537010660975 -41.0868802577626
-31.62162162162162 -22.494599732960154 -24.774468032253427 -41.142966901657445
-31.44144144144144 -22.755554395817118 -24.780241940329336 -41.19781117749496
-31.26126126126126 -23.024774444580373 -24.785803803674717 -41.25104708630376
-31.08108108108108 -23.29828667348568 -24.791100379247197 -41.30232742519914
-30.9009009009009 -23.571181947028013 -24.79608075944444 -41.35132471289267
-30.72072072072072 -23.837553038435196 -24.80069699485331 -41.39773180438054
-30.54054054054054 -24.09051851178384 -24.804904684923596 -41.441262244381846
-30.36036036036036 -24.32238106098305 -24.80866352949887 -41.481650408020826
-30.18018018018018 -24.524965915996283 -24.81193783466081 -41.51865147496292
-30.0 -24.690162107214526 -24.81469696688842 -41.55204128012136
-29.81981981981982 -24.81064096185775 -24.816915750091376 -41.5816160804786
-29.63963963963964 -24.880658526898802 -24.818574800640935 -41.60719227378388
-29.45945945945946 -24.896785880729304 -24.81966079609068 -41.62860610109436
-29.27927927927928 -24.858389564900627 -24.820166673854853 -41.64571336146939
-29.0990990990991 -24.767729697022855 -24.82009175669848 -41.658389163697905
-28.91891891891892 -24.62964736957577 -24.819441802499696 -41.66652773678721
-28.73873873873874 -24.450930342883552 -24.81822897637921 -41.670042318082864
-28.55855855855856 -24.23952243863324 -24.81647174396727 -41.66886513530537
-28.37837837837838 -24.00375007927396 -24.81419468530451 -41.66294749644063
-28.1981981981982 -23.75169132438534 -24.811428229661686 -41.65225999924358
-28.01801801801802 -23.490743315810253 -24.808208312421737 -41.636792870027406
-27.83783783783784 -23.22738479135127 -24.804575956102575 -41.61655643931678
-27.65765765765766 -22.967095717409176 -24.80057677861059 -41.59158175972805
-27.47747747747748 -22.71438501737056 -24.796260432900503 -41.56192136897352
-27.2972972972973 -22.472881472946685 -24.791679983365785 -41.52765019802544
-27.117117117117118 -22.245453542374936 -24.786891225480083 -41.48886662105945
-26.936936936936938 -22.034335295831305 -24.781951956429804 -41.44569363965478
-26.756756756756758 -21.841245142203903 -24.776921205691586 -41.398280188678655
-26.576576576576578 -21.667490770263313 -24.771858435679203 -41.34680254514186
-26.396396396396398 -21.514058022951108 -24.76682272367123 -41.29146581390606
-26.216216216216218 -21.381683875174208 -24.761871937187607 -41.23250545530021
-26.036036036036037 -21.270914897949122 -24.757061915763927 -41.17018880935878
-25.855855855855864 -21.18215304012455 -24.75244567262941 -41.10481655950032
-25.675675675675677 -21.115690572346093 -24.748072630085403 -41.03672406511269
-25.495495495495504 -21.071735825064458 -24.74398790236888 -40.96628247795131
-25.315315315315317 -21.050431035463987 -24.74023163944058 -40.89389954196787
-25.135135135135144 -21.051863262495623 -24.736838444444107 -40.82001996092113
-24.954954954954957 -21.076068964765746 -24.73383687653548 -40.745125203970424
-24.774774774774784 -21.123032472284017 -24.73124904939374 -40.669732607886935
-24.594594594594597 -21.192678218473226 -24.729090334017553 -40.594393627396315
-24.414414414414424 -21.284856227490714 -24.72736917243074 -40.51969108470551
-24.234234234234236 -21.399319968994575 -24.72608700671489 -40.446235277925034
-24.054054054054063 -21.53569530028815 -24.725238325423998 -40.37465882838215
-23.873873873873876 -21.693438832133758 -24.724810826987103 -40.30561018096865
-23.693693693693703 -21.871783725960565 -24.724785697246347 -40.2397457212448
-23.513513513513516 -22.069670752206477 -24.725137995886854 -40.17772053841428
-23.333333333333343 -22.285662586400072 -24.725837144264858 -40.12017794319877
-23.153153153153156 -22.51784008361375 -24.72684750509753 -40.06773794064352
-22.972972972972983 -22.76368110529626 -24.728129042697404 -40.02098495417851
-22.792792792792795 -23.019926008113426 -24.729638050960354 -39.98045519075651
-22.612612612612622 -23.282439899943004 -24.73132793517667 -39.946624117759825
-22.432432432432435 -23.54609086787518 -24.733150032945467 -39.919894580047654
-22.252252252252262 -23.80467554506538 -24.73505445903353 -39.900586110164376
-22.072072072072075 -24.050936849183913 -24.7369909589187 -39.88892596888978
-21.891891891891902 -24.276728679081295 -24.738909755972447 -39.88504239351813
-21.711711711711715 -24.47338012131207 -24.740762377734846 -39.88896042916823
-21.53153153153154 -24.63228636572831 -24.742502447480952 -39.900600581220246
-21.351351351351354 -24.745698067189174 -24.74408642823179 -39.919780366717575
-21.17117117117118 -24.807602575308735 -24.745474307484756 -39.946218674694144
-20.990990990990994 -24.814518266044633 -24.746630212190365 -39.97954268645124
-20.810810810810807 -24.766000329893956 -24.747522944850484 -40.019296972051464
-20.630630630630634 -24.664712931893998 -24.748126433028087 -40.06495428044658
-20.450450450450447 -24.516046108226448 -24.748420086017525 -40.11592748444974
-20.270270270270274 -24.32738974585692 -24.748389053909108 -40.17158212943295
-20.090090090090087 -24.107257812295757 -24.748024385780845 -40.23124906234125
-19.909909909909913 -23.864455838017363 -24.747323085255744 -40.29423667766309
-19.729729729729726 -23.607422937440468 -24.7462880631714 -40.35984239942057
-19.549549549549553 -23.343799137719884 -24.744927988617206 -40.42736311249642
-19.369369369369366 -23.08020458967761 -24.74325704110186 -40.49610435297345
-19.189189189189193 -22.822182941943776 -24.741294568116817 -40.56538815771514
-19.009009009009006 -22.574252975744823 -24.73906465385374 -40.634559552555615
-18.828828828828833 -22.340019899639945 -24.736595606305926 -40.702991722948866
-18.648648648648646 -22.122310774573556 -24.733919371419496 -40.770089959610345
-18.468468468468473 -21.92331139793232 -24.731070884338596 -40.835294505069726
-18.288288288288285 -21.744692066649804 -24.72808736908272 -40.89808244678099
-18.108108108108112 -21.587716525524904 -24.725007599170898 -40.95796881077884
-17.927927927927925 -21.453332601394788 -24.721871132729024 -41.014507009340626
-17.747747747747752 -21.342245285944102 -24.718717536443357 -41.06728878915333
-17.567567567567565 -21.25497404127719 -24.71558561331348 -41.11594381528042
-17.387387387387392 -21.191896368564397 -24.712512649472362 -41.160139012591685
-17.207207207207205 -21.153279535927688 -24.709533695343772 -41.199577771685256
-17.02702702702703 -21.13930201025425 -24.70668089607061 -41.233999111732096
-16.846846846846844 -21.150065691328244 -24.703982885452056 -41.26317687880929
-16.66666666666667 -21.18559956063574 -24.701464256567238 -41.286919045567046
-16.486486486486484 -21.245854852633702 -24.699145120844378 -41.30506716667476
-16.30630630630631 -21.33069133677023 -24.697040765579867 -41.31749603441076
-16.126126126126124 -21.439853762147905 -24.695161417856568 -41.32411356985833
-15.945945945945951 -21.57293696711788 -24.69351212050587 -41.32486097720332
-15.765765765765764 -21.72933761628802 -24.692092723264906 -41.319713181272995
-15.58558558558559 -21.908190059865085 -24.69089798966992 -41.30867956132478
-15.405405405405403 -22.10828354772019 -24.68991781757609 -41.2918049867504
-15.22522522522523 -22.32795822196724 -24.689137568581426 -41.269171152322045
-15.045045045045043 -22.56497838319588 -24.688538499135127 -41.2408982013547
-14.86486486486487 -22.81638414462656 -24.688098283799675 -41.20714661414525
-14.684684684684683 -23.07832769262657 -24.687791619073657 -41.16811932572059
-14.50450450450451 -23.345909060482768 -24.687590894419937 -41.12406402074724
-14.324324324324323 -23.6130394287334 -24.687466915718804 -41.0752755339555
-14.14414414414415 -23.87237705315639 -24.687389665302497 -41.02209826127946
-13.963963963963963 -24.115398546346437 -24.687329082035866 -40.96492846001216
-13.78378378378379 -24.332677918707702 -24.687255844586367 -40.904216285890044
-13.603603603603602 -24.51443350557042 -24.687142141060598 -40.84046738194739
-13.42342342342343 -24.651353632388023 -24.68696240855388 -40.77424379973307
-13.243243243243242 -24.735621822353977 -24.686694026835223 -40.70616400048024
-13.063063063063069 -24.76195489763528 -24.68631795134131 -40.636901655575095
-12.882882882882882 -24.728396524942816 -24.68581927184838 -40.56718294686124
-12.702702702702709 -24.636632875712472 -24.685187684598112 -40.49778206374204
-12.522522522522522 -24.491729946940737 -24.684417867244868 -40.429514612319224
-12.342342342342349 -24.30137653144907 -24.68350974774185 -40.36322869874763
-12.162162162162161 -24.074857980769377 -24.68246866017128 -40.299793530595295
-11.981981981981988 -23.82202067624153 -24.681305382530564 -40.24008550007284
-11.801801801801801 -23.55242304938576 -24.680036053597362 -40.18497187146749
-11.621621621621628 -23.274762309469622 -24.678681968195548 -40.13529238638314
-11.441441441441441 -22.996572846135493 -24.67726925245586 -40.091839312065076
-11.261261261261268 -22.724139033855458 -24.675828422990232 -40.055336670695105
-11.08108108108108 -22.46255000071583 -24.67439383625274 -40.026419575648646
-10.900900900900908 -22.215832212438805 -24.67300303671251 -40.005614735804116
-10.72072072072072 -21.987113052711877 -24.671696014774906 -39.9933232440286
-10.540540540540547 -21.778785925761568 -24.670514387610268 -39.989806720784
-10.36036036036036 -21.5926609317211 -24.669500518127773 -39.99517773039739
-10.180180180180187 -21.430094235456494 -24.66869658920313 -40.00939513358075
-10.0 -21.29209463265549 -24.668143651864614 -40.03226470915752
-9.819819819819827 -21.17940861136759 -24.66788066739329 -40.063445007771236
-9.63963963963964 -21.092586371364863 -24.667943564131626 -40.10245803480395
-9.459459459459467 -21.032031488279266 -24.668364330160358 -40.14870404217143
-9.27927927927928 -20.99803663719269 -24.66917016284613 -40.2014794739111
-9.099099099099107 -20.99080727935624 -24.670382695548902 -40.25999697923397
-8.91891891891892 -21.010474601349284 -24.672017320495172 -40.32340638327193
-8.738738738738746 -21.057098337779703 -24.674082624980137 -40.39081557926188
-8.558558558558559 -21.130659422282175 -24.676579955693896 -40.46131045435043
-8.378378378378386 -21.231041690311496 -24.679503123132683 -40.5339731567927
-8.198198198198199 -21.35800108755868 -24.68283825483884 -40.607898226855276
-8.018018018018026 -21.51112001506889 -24.686563802714417 -40.6822063228217
-7.837837837837839 -21.68974359175051 -24.690650705990123 -40.756055459063376
-7.657657657657666 -21.89289382694033 -24.695062707728376 -40.82864982423737
-7.477477477477478 -22.11915718180726 -24.699756819123206 -40.89924635994399
-7.297297297297305 -22.36654118226751 -24.704683922451483 -40.967159354465785
-7.117117117117118 -22.632297390518225 -24.709789500437594 -41.03176334687007
-6.936936936936945 -22.91271239256306 -24.715014477108443 -41.09249465002663
-6.756756756756758 -23.20287731309817 -24.720296153005428 -41.14885179377445
-6.576576576576585 -23.496461840759824 -24.725569215929056 -41.200395168001585
-6.396396396396398 -23.785542264638707 -24.730766807238385 -41.246746115298976
-6.216216216216225 -24.060562937689944 -24.735821623105956 -41.287585688471495
-6.0360360360360374 -24.310538144647392 -24.74066703001142 -41.32265325271216
-5.855855855855864 -24.523606739697435 -24.745238174098965 -41.35174507776961
-5.675675675675677 -24.688005979404394 -24.749473064766082 -41.37471303317288
-5.495495495495504 -24.79341142062701 -24.753313613927755 -41.39146347002647
-5.315315315315317 -24.8324133422595 -24.756706613742065 -41.401956346048095
-5.135135135135144 -24.80174742043021 -24.759604637121868 -41.40620462603134
-4.954954954954957 -24.702884424191765 -24.761966847031584 -41.40427396719855
-4.774774774774784 -24.541768892909445 -24.763759702324755 -41.3962826772773
-4.5945945945945965 -24.327801544465796 -24.764957549674804 -41.382401911875135
-4.4144144144144235 -24.0724099630952 -24.765543092958588 -41.36285605619055
-4.234234234234236 -23.78761743322498 -24.765507733251482 -41.33792321376367
-4.054054054054063 -23.484909225523296 -24.764851774377558 -41.30793570153601
-3.873873873873876 -23.174515550196357 -24.76358449073126 -41.27328042596173
-3.693693693693703 -22.86508297256575 -24.761724055858544 -41.234398989711245
-3.513513513513516 -22.56363230776033 -24.759297332069256 -41.19178735357676
-3.333333333333343 -22.27568974079132 -24.756339523165558 -41.14599485510475
-3.1531531531531556 -22.005499741322616 -24.752893694226188 -41.09762236654397
-2.9729729729729826 -21.756258923445454 -24.749010164293203 -41.047319362960565
-2.7927927927927954 -21.530336540039123 -24.744745779766074 -40.995779670585115
-2.6126126126126223 -21.329465886837696 -24.740163078309386 -40.94373567985676
-2.432432432432435 -21.15490211451583 -24.73532935510071 -40.89195084155697
-2.252252252252262 -21.007547832588287 -24.730315645250624 -40.841210321703855
-2.072072072072075 -20.888050416309557 -24.7251956381669 -40.79230977398923
-1.8918918918919019 -20.79687556053093 -24.720044541447788 -40.74604229764289
-1.7117117117117147 -20.734361297221994 -24.71493791350386 -40.703183780534964
-1.5315315315315416 -20.700755942403838 -24.709950485443997 -40.66447697480591
-1.3513513513513544 -20.69624253956801 -24.70515499373807 -40.63061480365869
-1.1711711711711814 -20.720951440104912 -24.700621045707894 -40.60222353755211
-0.9909909909909942 -20.77496173833168 -24.69641403992962 -40.57984658780182
-0.8108108108108212 -20.858291343258063 -24.692594163099 -40.563929727381414
-0.630630630630634 -20.97087448143826 -24.689215483781865 -40.554808547435
-0.45045045045046095 -21.112524337858595 -24.68632516173485 -40.552698884898476
-0.2702702702702737 -21.282877316900098 -24.683962789154066 -40.557690811849845
-0.09009009009010072 -21.481314041373054 -24.68215987733968 -40.569746571084764
0.0900900900900865 -21.706850789478622 -24.68093949892807 -40.588702594685124
0.2702702702702595 -21.95799386246575 -24.680316092143638 -40.614275479475744
0.45045045045044674 -22.232548988034 -24.680295429582074 -40.64607154420743
0.6306306306306197 -22.527379504648046 -24.68087474999562 -40.68359938473223
0.810810810810807 -22.838112887407846 -24.68204304755297 -40.726284695462724
0.99099099099098 -23.158808532192012 -24.68378150923649 -40.773486548796384
1.1711711711711672 -23.48162494761235 -24.686064087552182 -40.824514319546594
1.3513513513513402 -23.796565094146942 -24.688858192679962 -40.87864450033101
1.5315315315315274 -24.09143212727059 -24.69212548567905 -40.935136761454594
1.7117117117117004 -24.352176712010937 -24.695822752452106 -40.99324874699476
1.8918918918918877 -24.563819493319656 -24.699902836901174 -41.05224924939235
2.0720720720720607 -24.71202788372902 -24.70431561108679 -41.11142955210119
2.252252252252248 -24.785179837566503 -24.70900896021145 -41.17011286186756
2.432432432432435 -24.776425785680566 -24.71392976084676 -41.22766186151879
2.612612612612608 -24.685064865371324 -24.71902483195041 -41.28348449739525
2.7927927927927954 -24.51669574321048 -24.724241839798303 -41.33703817278514
2.9729729729729684 -24.282079439377995 -24.729530139907677 -41.38783255231601
3.1531531531531556 -23.99517001054431 -24.73484154126126 -41.435431196009304
3.3333333333333286 -23.670998926946105 -24.740130980577987 -41.47945223995894
3.513513513513516 -23.32396511066847 -24.74535709693249 -41.51956832763351
3.693693693693689 -22.966768164862895 -24.750482699633416 -41.55550597544398
3.873873873873876 -22.609948350388617 -24.75547512486765 -41.58704453162203
4.054054054054049 -22.26186160277795 -24.760306479152383 -41.61401486104988
4.234234234234236 -21.92890190686959 -24.764953770067898 -41.63629786221773
4.414414414414409 -21.615826485164163 -24.769398927037205 -41.653822897117735
4.5945945945945965 -21.32609401968314 -24.773628717048748 -41.66656619129695
4.7747747747747695 -21.06217016857257 -24.777634562163826 -41.67454923982393
4.954954954954957 -20.825783091858256 -24.78141226739535 -41.677837235670275
5.13513513513513 -20.618127316801417 -24.784961669073937 -41.67653751992975
5.315315315315317 -20.440021441627906 -24.78828621511805 -41.670798038288545
5.49549549549549 -20.292027533430776 -24.79139248968494 -41.66080577512052
5.675675675675677 -20.17454002349494 -24.794289695484906 -41.646785125457775
5.85585585585585 -20.087850826602054 -24.796989107582007 -41.628996155908375
6.0360360360360374 -20.032196024038377 -24.79950351276813 -41.607732698495276
6.2162162162162105 -20.00778807360731 -24.801846648575903 -41.58332021661508
6.396396396396398 -20.014836251936522 -24.80403265568333 -41.55611338021674
6.576576576576571 -20.053556894433658 -24.80607555685925 -41.52649328831402
6.756756756756758 -20.124173921978063 -24.807988774707862 -41.49486428155775
6.936936936936931 -20.226909047218165 -24.80978469930591 -41.46165029628294
7.117117117117118 -20.361959833206026 -24.81147431540698 -41.4272907246057
7.297297297297291 -20.52946231053932 -24.81306689724235 -41.3922357629988
7.477477477477478 -20.729433007542827 -24.814569777113135 -41.35694125427047
7.657657657657651 -20.96168286996776 -24.8159881919873 -41.32186305458231
7.837837837837839 -21.225692542145843 -24.81732521023733 -41.287450987187675
8.018018018018012 -21.520434904269035 -24.818581738533286 -41.25414247655736
8.198198198198199 -21.844127070884678 -24.819756606798546 -41.222355988591815
8.378378378378372 -22.19389163428625 -24.820846727096818 -41.19248443237113
8.558558558558559 -22.56530901729488 -24.82184732040472 -41.16488870376715
8.738738738738732 -22.95185590133596 -24.822752203482832 -41.139891568597605
8.91891891891892 -23.34426009361968 -24.82355412653474 -41.117772090458345
9.099099099099092 -23.729875314007035 -24.824245151073892 -41.09876080412201
9.27927927927928 -24.092301457704934 -24.82481705643051 -41.083035818518255
9.459459459459453 -24.411628794562716 -24.82526176264436 -41.070720003992335
9.63963963963964 -24.665777102967983 -24.82557175711387 -41.06187937816585
9.819819819819813 -24.833245845765415 -24.82574051231 -41.05652275583335
10.0 -24.897011808830356 -24.825762882108407 -41.054602674387496
10.180180180180173 -24.848436184085678 -24.825635464833372 -41.05601755130458
10.36036036036036 -24.689517747204714 -24.8253569219238 -41.0606149783846
10.540540540540533 -24.432357245250333 -24.824928242203566 -41.06819601251436
10.72072072072072 -24.096113189874437 -24.8243529430397 -41.07852028772538
10.900900900900893 -23.702916035174493 -24.82363720117494 -41.09131175020682
11.08108108108108 -23.274306513280422 -24.82278990769643 -41.106264807460924
11.261261261261254 -22.82901262582603 -24.821822643418095 -41.1230506845391
11.441441441441441 -22.382064864836153 -24.820749572878476 -41.14132379285304
11.621621621621614 -21.944834077794532 -24.81958725715333 -41.160727938274604
11.801801801801801 -21.525537821310905 -24.81835438771745 -41.18090222256741
11.981981981981974 -21.12989268207742 -24.817071445623778 -41.201486522987345
12.162162162162161 -20.761737350222003 -24.815760292259057 -41.222126466676556
12.342342342342334 -20.423555149257083 -24.814443699840858 -41.24247784715376
12.522522522522522 -20.116882196707905 -24.813144831594762 -41.26221045815531
12.702702702702695 -19.84261298689799 -24.811886683146213 -41.281011344209126
12.882882882882882 -19.601223242824695 -24.810691498031975 -41.29858748702656
13.063063063063055 -19.392929796981292 -24.80958017133545 -41.31466796190378
13.243243243243242 -19.217804158742332 -24.808571656235866 -41.32900560899724
13.423423423423415 -19.075852725034636 -24.807682388696897 -41.34137827097972
13.603603603603602 -18.96707325469198 -24.806925745576418 -41.35158965173928
13.783783783783775 -18.891494526386932 -24.806311551097203 -41.359469851064965
13.963963963963963 -18.8492040149483 -24.80584564587152 -41.36487562828309
14.144144144144136 -18.840366828628664 -24.8055295315279 -41.36769044414148
14.324324324324323 -18.8652379052242 -24.805360102467006 -41.36782432539003
14.504504504504496 -18.924168426099428 -24.805329474411533 -41.36521359090062
14.684684684684683 -19.01760643708553 -24.805424917261657 -41.359820472147405
14.864864864864856 -19.146090620671846 -24.805628897384352 -41.35163265469284
15.045045045045043 -19.31023487709084 -24.80591923192168 -41.34066276118672
15.225225225225216 -19.510699625342156 -24.80626935507714 -41.32694779042115
15.405405405405403 -19.748143229765894 -24.806648693708322 -41.31054852128379
15.585585585585576 -20.023143276075487 -24.807023146995775 -41.291548885074945
15.765765765765764 -20.3360719990239 -24.807355662543923 -41.270055304642156
15.945945945945937 -20.686902314880783 -24.807606899062566 -41.24619599417087
16.126126126126124 -21.07491001641496 -24.807735963829384 -41.22012020928729
16.306306306306297 -21.498223843820966 -24.807701211482627 -41.1919974334221
16.486486486486484 -21.953160912292876 -24.807461089364054 -41.16201648321222
16.666666666666657 -22.433279428307884 -24.80697501363515 -41.13038451316002
16.846846846846844 -22.928107294359123 -24.80620425972315 -41.09732589792668
17.027027027027017 -23.421613518748693 -24.805112850304 -41.06308096962919
17.207207207207205 -23.890757907201543 -24.80366842397548 -41.027904587475874
17.387387387387378 -24.304942608853025 -24.80184306798858 -40.99206451816145
17.567567567567565 -24.627754974009118 -24.79961409885897 -40.955839607792484
17.747747747747738 -24.822394695968498 -24.796964775343934 -40.9195177298584
17.927927927927925 -24.860589330837026 -24.793884929117503 -40.88339349899436
18.108108108108098 -24.73164202842062 -24.790371499487005 -40.847765747039304
18.288288288288285 -24.44632746266704 -24.786428959653904 -40.812934766135356
18.46846846846846 -24.03295488713781 -24.782069623324666 -40.77919933320564
18.648648648648646 -23.52830662622411 -24.77731382192468 -40.74685354083017
18.82882882882882 -22.968736267256364 -24.772189944268685 -40.71618347093224
19.009009009009006 -22.384764493121743 -24.766734332308165 -40.68746375927888
19.18918918918918 -21.799353947473833 -24.760991028525908 -40.66095410996511
19.369369369369366 -21.22846663490952 -24.755011372697165 -40.63689582907959
19.54954954954954 -20.68251692794894 -24.748853448097194 -40.61550845488799
19.729729729729726 -20.167899912055237 -24.742581379811675 -40.59698656738281
19.9099099099099 -19.688261737427595 -24.736264490592248 -40.58149686228581
20.090090090090087 -19.24544607550787 -24.72997632267213 -40.569175573057535
20.27027027027026 -18.840158446287454 -24.723793537076027 -40.56012631889903
20.450450450450447 -18.472416573468436 -24.717794705162824 -40.55441844712742
20.63063063063062 -18.141849297605297 -24.712059010347577 -40.55208592497423
20.810810810810807 -17.847892354105667 -24.706664881057176 -40.55312681939651
20.99099099099098 -17.589915523349212 -24.701688578863454 -40.557503384770904
21.171171171171167 -17.36730482491852 -24.697202768273918 -40.56514275842014
21.35135135135134 -17.1795156510694 -24.6932750967073 -40.5759382439679
21.531531531531527 -17.026107400499175 -24.689966814600876 -40.58975114370048
21.7117117117117 -16.906766602539896 -24.68733146626809 -40.606413084502236
21.891891891891888 -16.82132316097906 -24.685413681945512 -40.62572876840412
22.07207207207206 -16.769762792571264 -24.684248100371153 -40.64747906895835
22.252252252252248 -16.75223770745475 -24.683858449193238 -40.671424388849644
22.43243243243242 -16.769076884026024 -24.684256807539047 -40.69730819239325
22.612612612612608 -16.820796792566295 -24.68544307124654 -40.724860628594925
22.79279279279278 -16.908113014163465 -24.687404636694513 -40.75380216577437
22.97297297297297 -17.03195278694418 -24.690116314021033 -40.7838471667355
23.15315315315314 -17.193467978155937 -24.693540474991128 -40.81470734336765
23.33333333333333 -17.394047170407244 -24.697627435082843 -40.84609504062624
23.5135135135135 -17.635324212342482 -24.7023160637341 -40.87772631134874
23.69369369369369 -17.91917829376334 -24.707534611354134 -40.90932375467951
23.873873873873862 -18.24771662500638 -24.71320173685626 -40.940619101483435
24.05405405405405 -18.623223834234313 -24.71922771528195 -40.97135553963052
24.234234234234222 -19.048049969548718 -24.725515801688644 -41.00128978016862
24.41441441441441 -19.524387573840933 -24.731963724942215 -41.030193872022465
24.594594594594582 -20.053851166844527 -24.738465283418037 -41.0578567779217
24.77477477477477 -20.6367098307489 -24.744912013849284 -41.08408572780625
24.954954954954943 -21.270524478603825 -24.751194904601057 -41.10870736808084
25.13513513513513 -21.947807459435023 -24.75720612539122 -41.131568725929355
25.315315315315303 -22.652219500211352 -24.76284074679352 -41.15253800761142
25.49549549549549 -23.353022943612874 -24.76799842460045 -41.171505248414704
25.675675675675677 -23.9987652685338 -24.772585026140327 -41.18838282989025
25.85585585585585 -24.51460501229558 -24.776514177789362 -41.20310587730757
26.036036036036037 -24.812487741943087 -24.779708715060586 -41.21563254707499
26.21621621621621 -24.821163011205584 -24.782102018673445 -41.22594421030577
26.396396396396398 -24.522888965921524 -24.78363922182153 -41.234045534891806
26.57657657657657 -23.96412149826427 -24.784278275399494 -41.2399644644847
26.756756756756758 -23.22872226461532 -24.783990859192613 -41.24375208878924
26.93693693693693 -22.400943367503526 -24.78276312797158 -41.24548239565878
27.117117117117118 -21.544760960466448 -24.78059628209824 -41.245251891769
27.29729729729729 -20.701075200763857 -24.77750695269043 -41.24317907527114
27.47747747747748 -19.89296558969127 -24.773527391694298 -41.239403740943
27.65765765765765 -19.131923189205725 -24.768705457472592 -41.234086096139315
27.83783783783784 -18.422585193950987 -24.763104386854504 -41.22740566448464
28.01801801801801 -17.7657904570334 -24.75680234513893 -41.21955995396097
28.1981981981982 -17.160404076304555 -24.74989174643508 -41.210762867030795
28.378378378378372 -16.604361659924624 -24.74247833809995 -41.20124283291361
28.55855855855856 -16.09525000011347 -24.734680045018838 -41.191240646280846
28.738738738738732 -15.630620982958739 -24.72662557218274 -41.181007002587805
28.91891891891892 -15.208154732918883 -24.71845276752436 -41.17079972808068
29.099099099099092 -14.825738756892022 -24.71030675132164 -41.16088071216317
29.27927927927928 -14.481501132892964 -24.7023378236497 -41.15151256110828
29.459459459459453 -14.173819339651894 -24.694699167282224 -41.142955004736386
29.63963963963964 -13.901316966712256 -24.68754436996296 -41.135461101161084
29.819819819819813 -13.662855233220562 -24.681024796865113 -41.12927329838109
30.0 -13.457523234321512 -24.675286851034226 -41.12461942457156
30.180180180180173 -13.284629139749661 -24.670469166308408 -41.12170869050111
30.36036036036036 -13.143693632100938 -24.666699783219634 -41.120727796626326
30.540540540540533 -13.03444637713429 -24.6640933632675 -41.121837243183805
30.72072072072072 -12.956826087436085 -24.662748500296622 -41.12516794322562
30.900900900900893 -12.910984674712942 -24.662745189116446 -41.13081823546519
31.08108108108108 -12.897296031667357 -24.664142510674814 -41.138851385752176
31.261261261261254 -12.916370116530071 -24.66697658984642 -41.14929365307921
31.44144144144144 -12.969073224531924 -24.671258876181767 -41.16213297872592
31.621621621621614 -13.056555626368286 -24.67697478990102 -41.17731833632776
31.8018018018018 -13.180288149688305 -24.68408276529619 -41.19475975748855
31.981981981981974 -13.342109799978044 -24.692513711964423 -41.214329023424774
32.16216216216216 -13.544289191806843 -24.702170901500846 -41.2358609895097
32.342342342342334 -13.789603418348435 -24.71293027408118 -41.25915548790465
32.52252252252252 -14.081439031422695 -24.72464114644637 -41.28397973497311
32.702702702702695 -14.423920962113339 -24.73712729082495 -41.31007115583241
32.88288288288288 -14.822076187310431 -24.750188343883384 -41.33714052881328
33.063063063063055 -15.282038859381581 -24.763601496349548 -41.3648753479882
33.24324324324324 -15.81130007256019 -24.777123407832708 -41.39294330213747
33.423423423423415 -16.418992133081197 -24.79049228771933 -41.42099577307011
33.6036036036036 -17.116157522239348 -24.803430081850976 -41.448671264378945
33.783783783783775 -17.91584241479304 -24.815644705827577 -41.47559868260679
33.96396396396396 -18.83255368327469 -24.826832268945886 -41.50140040549238
34.144144144144136 -19.879800093127265 -24.836679237604766 -41.525695085531886
34.32432432432432 -21.062248126118995 -24.844864493064094 -41.54810015070436
34.504504504504496 -22.353647199905893 -24.851061245289916 -41.56823397717426
34.68468468468468 -23.642817511312924 -24.854938771832234 -41.585717720566045
34.864864864864856 -24.643536628532242 -24.856163957879218 -41.60017680263952
35.04504504504504 -24.907084197014274 -24.854402620488962 -41.61124205866915
35.225225225225216 -24.20499804959003 -24.84932060626056 -41.61855055747311
35.4054054054054 -22.829552334106175 -24.8405846571859 -41.62174611088573
35.58558558558558 -21.219690812619184 -24.827863044004328 -41.620479492638786
35.765765765765764 -19.63117215530679 -24.81082597000772 -41.61440838828444
35.94594594594594 -18.15752579163599 -24.789145750905504 -41.603197098157274
36.126126126126124 -16.817865707503593 -24.76249677808864 -41.58651601464216
36.3063063063063 -15.60502647834568 -24.730555273485862 -41.564040893390995
36.486486486486484 -14.504704412922212 -24.69299884425597 -41.535451935793695
36.66666666666666 -13.502154443685113 -24.649505844884875 -41.500432697112174
36.846846846846844 -12.584232503353203 -24.599754552929525 -41.45866883135128
37.02702702702702 -11.739794501723583 -24.54342216273773 -41.40984668025483
37.207207207207205 -10.959557587118276 -24.48018359902158 -41.353651709830515
37.38738738738738 -10.235820806869997 -24.40971014920363 -41.28976679354311
37.567567567567565 -9.562181791292891 -24.33166790999214 -41.217870336750565
37.74774774774774 -8.933290695083228 -24.245716039655576 -41.13763423204405
37.927927927927925 -8.344648517937166 -24.151504802900767 -41.04872162979552
38.1081081081081 -7.792445689952081 -24.04867339002756 -40.95078450228971
38.28828828828827 -7.273434009806772 -23.936847486001525 -40.84346097314139
38.46846846846847 -6.78482517689952 -23.815636558075475 -40.72637237604389
38.648648648648646 -6.324210185535506 -23.68463082235641 -40.599119997961054
38.82882882882882 -5.889494991116493 -23.54339783993617 -40.46128145127624
39.00900900900899 -5.478848866119285 -23.39147868146449 -40.312406606650555
39.18918918918919 -5.090662681088666 -23.228383584793043 -40.152013002769536
39.369369369369366 -4.723514984239964 -23.053587012845934 -39.979580629928094
39.54954954954954 -4.376144243054289 -22.86652199723339 -39.794545960397734
39.72972972972971 -4.047425984248766 -22.66657362608159 -39.596295068252964
39.90990990990991 -3.736353852033456 -22.45307150044391 -39.38415564280131
40.09009009009009 -3.4420238203997084 -22.22528094027039 -39.15738765025116
40.27027027027026 -3.1636209600307597 -21.982392665231135 -38.915172334031965
40.45045045045043 -2.9004082869060985 -21.72351060361251 -38.65659916008524
40.630630630630634 -2.651717317213521 -21.447637388359695 -38.38065020220698
40.81081081081081 -2.4169400288351115 -21.153656975236434 -38.086181313834516
40.99099099099098 -2.1955219886806123 -20.840313652892757 -37.77189923167582
41.17117117117115 -1.9869564514383706 -20.506186492556523 -37.43633348159754
41.351351351351354 -1.7907792718441162 -20.14965798330667 -37.077801576066285
41.53153153153153 -1.606564501558886 -19.76887518424728 -36.69436545672894
41.7117117117117 -1.433920564880885 -19.361701148388867 -36.283776371084166
41.89189189189187 -1.2724869260786318 -18.9256535614612 -35.8434042623471
42.072072072072075 -1.1219311761023112 -18.4578263814397 -35.37014611065708
42.25225225225225 -0.9819464785676284 -17.954788591545217 -34.860305187540135
42.43243243243242 -0.8522493247937645 -17.412451727914533 -34.309429363011105
42.612612612612594 -0.7325775557722576 -16.82589420221111 -33.71209055207748
42.792792792792795 -0.6226886156002467 -16.189124965400197 -33.06157752515988
42.97297297297297 -0.5223580064126451 -15.49476075191281 -32.349457705642536
43.15315315315314 -0.4313779194120799 -14.733578504633442 -31.564934569511465
43.333333333333314 -0.3495560204011169 -13.893885594596346 -30.693874331886455
43.513513513513516 -0.2767143714057601 -12.96062334970416 -29.71727398592495
43.69369369369369 -0.2126884726578528 -11.914086960269755 -28.60873545014855
43.87387387387386 -0.15732641146477727 -10.728133287279784 -27.33005521333803
44.054054054054035 -0.11048810641314168 -9.367888171713513 -25.82294195323142
44.234234234234236 -0.07204463698658134 -7.787847201256644 -23.99189811625201
44.41441441441441 -0.04187765007662983 -5.935573837015109 -21.663811643944385
44.59459459459458 -0.019878836068702874 -3.7862197299472133 -18.471528594394485
44.774774774774755 -0.005949468226053658 -1.514387694918487 -13.379896787410793
44.95495495495496 0.0 0.0 0.0
45.13513513513513 -0.001949715687919123 -0.556227393486458 -8.953950277547753
45.3153153153153 -0.011726430560251714 -2.604978508290754 -16.241780573148084
45.495495495495476 -0.029266237200469267 -4.83976134687421 -20.14131309245942
45.67567567567568 -0.05451329536113289 -6.816448338552639 -22.810644288182587
45.85585585585585 -0.08741966314699749 -8.50022223326651 -24.837316060739177
46.03603603603602 -0.12794516780274193 -9.9385736236699 -26.467550344181028
46.216216216216196 -0.1760573148174731 -11.18181258297604 -27.82813725516464
46.3963963963964 -0.23173123446926538 -12.270009066768694 -28.99302337683337
46.57657657657657 -0.29494966532762745 -13.233370612572896 -30.00912822482036
46.756756756756744 -0.3657029746179348 -14.094577894528435 -30.9080994279987
46.93693693693692 -0.44398921573529726 -14.870849598952002 -31.712299793797257
47.11711711711712 -0.5298142235839709 -15.575461622217723 -32.43812088551174
47.29729729729729 -0.6231917488182865 -16.218816597369873 -33.09793888779163
47.477477477477464 -0.7241436324798838 -16.80919284978139 -33.701330028901175
47.65765765765764 -0.8327000229709176 -17.353273288526992 -34.25585837550435
47.83783783783784 -0.9488996377828276 -17.85652396391573 -34.767604731874414
48.01801801801801 -1.072790072923842 -18.323469143676164 -35.24153247455458
48.198198198198185 -1.2044281635666159 -18.75789425727698 -35.681747164726865
48.378378378378386 -1.343880400081312 -19.16299783276948 -36.09168492833291
48.55855855855856 -1.4912234043438108 -19.541506829241648 -36.474251844618934
48.73873873873873 -1.6465444720292983 -19.895765320358922 -36.83192888175964
48.918918918918905 -1.8099421875355701 -20.22780350850919 -37.16685212123068
49.09909909909911 -1.981527119252975 -20.53939203176029 -37.480874943299156
49.27927927927928 -2.161422604132591 -20.83208513960421 -37.77561683442367
49.45945945945945 -2.3497656319346483 -21.10725534785138 -38.0525021303204
49.639639639639626 -2.546707841200284 -21.366121501467465 -38.31279108874113
49.81981981981983 -2.752416640930473 -21.609771686926145 -38.55760504692272
50.0 -2.967076474226875 -21.839182083132513 -38.78794696739931
50.18018018018017 -3.190890242819184 -22.05523258198379 -39.00471835252122
50.360360360360346 -3.4240809145493483 -22.258719818776274 -39.20873327318973
50.54054054054055 -3.6668933396045373 -22.450368110028723 -39.40073008463992
50.72072072072072 -3.919596305700992 -22.63083868865835 -39.58138127366131
50.90090090090089 -4.18248486766651 -22.800737544489035 -39.75130178508606
51.08108108108107 -4.455882993117798 -22.960622115127226 -39.91105610205742
51.26126126126127 -4.740146573394912 -23.11100702350974 -40.06116429840673
51.44144144144144 -5.03566685784648 -23.252369020407496 -40.202107238035516
51.621621621621614 -5.342874380261585 -23.385151260291757 -40.33433106235282
51.80180180180179 -5.6622434590781 -23.509767015328936 -40.458251080238476
51.98198198198199 -5.994297368386557 -23.626602913442248 -40.5742551539801
52.16216216216216 -6.339614295178054 -23.736021771290122 -40.6827066578888
52.342342342342334 -6.698834220294452 -23.838365080849616 -40.783947072879904
52.52252252252251 -7.072666886677892 -23.93395519843352 -40.8782982694825
52.70270270270271 -7.461901049286977 -24.023097276936262 -40.96606452296438
52.88288288288288 -7.867415236722998 -24.10608097552297 -41.04753429709844
53.063063063063055 -8.29019029496935 -24.183181975561 -41.12298182722682
53.24324324324323 -8.731324027378557 -24.254663327116 -41.192668528440954
53.42342342342343 -9.192048288730271 -24.32077664661895 -41.256844250689745
53.6036036036036 -9.67374892735388 -24.38176318321267 -41.31574839929735
53.783783783783775 -10.177988982887761 -24.437854768696674 -41.36961093658858
53.96396396396395 -10.706535508932078 -24.48927466381559 -41.418653277986635
54.14414414414415 -11.261390243792643 -24.536238311808724 -41.46308909398493
54.32432432432432 -11.844823993031016 -24.578954008597023 -41.50312502773617
54.504504504504496 -12.459413814838303 -24.617623497683255 -41.53896133660018
54.68468468468467 -13.108080534076647 -24.652442496741763 -41.570792464800704
54.86486486486487 -13.794121028304968 -24.68360116194683 -41.59880755333263
55.04504504504504 -14.521223732174189 -24.71128449530579 -41.62319089240147
55.225225225225216 -15.293444181944798 -24.735672699605495 -41.644122320950146
55.40540540540539 -16.115094876746006 -24.756941485030097 -41.66177757721054
55.58558558558559 -16.990459985801138 -24.775262331050936 -41.67632860369865
55.765765765765764 -17.923160962987126 -24.79080270681271 -41.68794380963709
55.94594594594594 -18.914839307744813 -24.80372625293482 -41.696788293428604
56.12612612612611 -19.9625371063662 -24.814192927403123 -41.70302402751063
56.30630630630631 -21.053719909775438 -24.822359118038765 -41.706810007686315
56.486486486486484 -22.157526431622635 -24.828377723889595 -41.708302368846184
56.66666666666666 -23.211794358639555 -24.83239820779049 -41.70765446886166
56.84684684684683 -24.11132854541758 -24.834566622275798 -41.705016942342
57.02702702702703 -24.71708701556118 -24.83502561099492 -41.70053772589561
57.207207207207205 -24.911459445749394 -24.833914387775412 -41.69436205652233
57.38738738738738 -24.67604139259144 -24.83136869549248 -41.686632444778695
57.56756756756755 -24.106034231298693 -24.827520746933715 -41.67748862440253
57.74774774774775 -23.342108182456727 -24.82249914988929 -41.66706748015022
57.927927927927925 -22.502135729711718 -24.816428818745237 -41.65550295568611
58.1081081081081 -21.660181028487827 -24.80943087490634 -41.64292594346484
58.28828828828827 -20.854854057656162 -24.801622538420872 -41.62946415865834
58.46846846846847 -20.102973531630415 -24.793117013217465 -41.615241999295975
58.648648648648646 -19.409646063931312 -24.78402336839027 -41.60038039490292
58.82882882882882 -18.774211090093367 -24.77444641797867 -41.584996646033574
59.00900900900899 -18.19342615306185 -24.76448660167825 -41.569204257198706
59.18918918918919 -17.663088214514293 -24.75423986888732 -41.55311276577139
59.369369369369366 -17.17882549638283 -24.743797568436445 -41.53682756952304
59.54954954954954 -16.73646266050993 -24.733246346263584 -41.5204497554824
59.72972972972971 -16.3321706981971 -24.72266805318587 -41.504075932823
59.90990990990991 -15.962510552500394 -24.71213966477829 -41.48779807246469
60.09009009009009 -15.624426287691604 -24.70173321520153 -41.47170335601993
60.27027027027026 -15.315216183568012 -24.691515746627374 -41.455874036623285
60.45045045045043 -15.032495990513926 -24.681549275691555 -41.440387314052565
60.630630630630634 -14.774161285010072 -24.671890778165185 -41.425315226382374
60.81081081081081 -14.538352108359177 -24.662592192779815 -41.410724560206084
60.99099099099098 -14.323421154480227 -24.653700444871916 -41.39667678122386
61.17117117117115 -14.127905816162391 -24.64525749023573 -41.38322798672527
61.351351351351354 -13.950503944085636 -24.637300379293116 -41.37042888119894
61.53153153153153 -13.790052977796387 -24.629861341411182 -41.358324775985835
61.7117117117117 -13.645512045084425 -24.62296788892784 -41.34695561356048
61.89189189189187 -13.515946628357 -24.616642940187337 -41.336356016685286
62.072072072072075 -13.400515428123768 -24.61090496064664 -41.32655536234083
62.25225225225225 -13.29845909619303 -24.605768120893877 -41.31757787999951
62.43243243243242 -13.209090555378273 -24.60124247022511 -41.30944277348533
62.612612612612594 -13.131786664064656 -24.59733412425863 -41.30216436535762
62.792792792792795 -13.065981021092554 -24.594045464929188 -41.29575226247545
62.97297297297297 -13.011157738606617 -24.591375351098527 -41.290211541148025
63.15315315315314 -12.966846037965688 -24.589319337945508 -41.28554295005935
63.333333333333314 -12.932615546962014 -24.587869903256667 -41.28174312897461
63.513513513513516 -12.908072196006174 -24.587016678727508 -41.278804841095436
63.69369369369369 -12.89285462714254 -24.58674668440289 -41.27671721683016
63.87387387387386 -12.886631043271795 -24.587044564430272 -41.27546600668576
64.05405405405403 -12.889096436214494 -24.587892822369625 -41.27503384096744
64.23423423423424 -12.899970141629966 -24.589272054395046 -41.275400493989366
64.41441441441441 -12.918993676628837 -24.591161178833016 -41.27654315055242
64.59459459459458 -12.9459288224501 -24.593537660606707 -41.278436672529
64.77477477477476 -12.980555920033648 -24.59637772929176 -41.28105386350675
64.95495495495496 -13.02267235089207 -24.59965658963343 -41.28436572957896
65.13513513513513 -13.072091179514853 -24.60334862352361 -41.288341734524074
65.3153153153153 -13.12863993675207 -24.607427582587658 -41.29295004778658
65.49549549549548 -13.192159526319188 -24.611866770680756 -41.298157783851515
65.67567567567568 -13.262503238824031 -24.616639215740193 -41.303931231791005
65.85585585585585 -13.339535859607704 -24.621717830581595 -41.31023607394958
66.03603603603602 -13.423132858268918 -24.627075562360872 -41.31703759292214
66.2162162162162 -13.513179649047316 -24.632685530549267 -41.324300866160534
66.3963963963964 -13.609570912316023 -24.638521153384506 -41.331990947720186
66.57657657657657 -13.712209968301872 -24.64455626286641 -41.34007303682337
66.75675675675674 -13.821008194837429 -24.650765208459283 -41.34851263307006
66.93693693693692 -13.935884481468666 -24.657122949746757 -41.357275678269005
67.11711711711712 -14.056764712610438 -24.663605138356353 -41.366328684988794
67.29729729729729 -14.183581272663313 -24.67018818953228 -41.37563885204325
67.47747747747746 -14.316272566089186 -24.676849343785197 -41.385174167224115
67.65765765765764 -14.454782545387083 -24.683566719088287 -41.39490349767944
67.83783783783784 -14.599060239714683 -24.690319354120046 -41.404796668407485
68.01801801801801 -14.74905927655888 -24.69708724307671 -41.41482452939364
68.19819819819818 -14.904737388364397 -24.703851362591884 -41.42495901196391
68.37837837837836 -15.06605589536645 -24.71059369130842 -41.43517317496234
68.55855855855856 -15.232979155033025 -24.717297222649073 -41.44544124138313
68.73873873873873 -15.40547396748413 -24.72394597132791 -41.45573862610227
68.9189189189189 -15.583508924995982 -24.730524974136017 -41.46604195535872
69.09909909909908 -15.767053692200612 -24.7370202855215 -41.4763290786331
69.27927927927928 -15.956078201823598 -24.74341896846814 -41.4865790735632
69.45945945945945 -16.150551748741492 -24.749709081157583 -41.49677224452176
69.63963963963963 -16.3504419627575 -24.75587965987924 -41.506890115462966
69.8198198198198 -16.555713637763848 -24.76192069862924 -41.51691541762224
70.0 -16.76632739186172 -24.767823125816058 -41.526832072628245
70.18018018018017 -16.982238129536206 -24.773578778466035 -41.536625171558896
70.36036036036035 -17.203393273137134 -24.779180374296995 -41.54628095044387
70.54054054054052 -17.42973072673533 -24.784621482003594 -41.55578676268643
70.72072072072072 -17.661176530970327 -24.789896490073126 -41.56513104884645
70.9009009009009 -17.89764216292173 -24.795000574426545 -41.574303304196306
71.08108108108107 -18.139021430521602 -24.799929665155865 -41.583294044430716
71.26126126126124 -18.385186906911482 -24.804680412606288 -41.592094769881854
71.44144144144144 -18.635985846920857 -24.8092501530296 -41.600697928562276
71.62162162162161 -18.89123552618618 -24.813636874014456 -41.60909687832999
71.80180180180179 -19.150717944323766 -24.817839179879385 -41.61728584844343
71.98198198198199 -19.414173838318586 -24.821856257195357 -41.625259900748375
72.16216216216216 -19.681295962668376 -24.825687840587335 -41.63301489071496
72.34234234234233 -19.951721611087386 -24.829334178947402 -41.640547428519675
72.52252252252251 -20.225024383596953 -24.832796002176657 -41.647854840346355
72.70270270270271 -20.50070524606404 -24.836074488558552 -41.65493513005994
72.88288288288288 -20.778182990682453 -24.839171232853033 -41.661786941388144
73.06306306306305 -21.05678428978136 -24.84208821518831 -41.66840952072946
73.24324324324323 -21.33573364574296 -24.84482777081574 -41.67480268068934
73.42342342342343 -21.614143679642495 -24.847392560782716 -41.6809667644325
73.6036036036036 -21.891006370947252 -24.849785543568878 -41.6869026109257
73.78378378378378 -22.165186056201698 -24.85200994772201 -41.69261152113286
73.96396396396395 -22.43541520502334 -24.85406924552214 -41.69809522521397
74.14414414414415 -22.7002941959411 -24.855967127694868 -41.7033558507685
74.32432432432432 -22.958296479003735 -24.85770747918833 -41.7083958921555
74.5045045045045 -23.207780589171243 -24.859294356022463 -41.7132181809139
74.68468468468467 -23.44701040464894 -24.86073196321343 -41.71782585729972
74.86486486486487 -23.67418476264455 -24.862024633771632 -41.722222342949934
75.04504504504504 -23.88747699499866 -24.863176808767115 -41.72641131467696
75.22522522522522 -24.085084100223014 -24.864193018452454 -41.730396679392726
75.40540540540539 -24.265284152861764 -24.865077864429757 -41.734182550156675
75.58558558558559 -24.426499267367912 -24.865836002845406 -41.737773223337626
75.76576576576576 -24.567360166649333 -24.866472128593493 -41.7411731568766
75.94594594594594 -24.686767405371622 -24.866990960506573 -41.74438694963399
76.12612612612611 -24.783943831632605 -24.867397227510473 -41.74741932180221
76.30630630630631 -24.858473146545276 -24.867695655718016 -41.750275096362415
76.48648648648648 -24.91032051288562 -24.867890956435204 -41.752959181562346
76.66666666666666 -24.939832959354867 -24.867987815052146 -41.75547655439016
76.84684684684683 -24.947719534519468 -24.867990880790018 -41.757832245018236
77.02702702702703 -24.93501338053939 -24.867904757274573 -41.760031322189704
77.2072072072072 -24.90301971543467 -24.86773399390609 -41.76207887951945
77.38738738738738 -24.853254836017918 -24.867483077995214 -41.763980022680734
77.56756756756755 -24.787381562056837 -24.867156427633933 -41.76573985744823
77.74774774774775 -24.707146102244156 -24.866758385270572 -41.76736347856762
77.92792792792793 -24.614320338909902 -24.866293211957963 -41.76885595942201
78.1081081081081 -24.51065226696378 -24.86576508224374 -41.77022234246504
78.28828828828827 -24.397826035397983 -24.865178079672134 -41.77146763039097
78.46846846846847 -24.27743191477942 -24.86453619286673 -41.77259677801174
78.64864864864865 -24.150945656450176 -24.86384331216424 -41.773614684811506
78.82882882882882 -24.019716147478107 -24.863103226769475 -41.77452618814938
79.00900900900899 -23.88495997389829 -24.862319622402612 -41.77533605708148
79.1891891891892 -23.747761427663182 -24.861496079409996 -41.776048986773645
79.36936936936937 -23.60907656510381 -24.860636071310637 -41.77666959347686
79.54954954954954 -23.469740086594637 -24.859742963751174 -41.77720241003797
79.72972972972971 -23.33047401045048 -24.858820013842582 -41.77765188191849
79.90990990990991 -23.19189732470608 -24.857870369852968 -41.7780223636952
80.09009009009009 -23.054535996877647 -24.85689707123128 -41.77831811601689
80.27027027027026 -22.91883289266663 -24.855903048937712 -41.77854330299183
80.45045045045043 -22.78515729560987 -24.854891126057332 -41.778701989981634
80.63063063063063 -22.653813831193965 -24.853864018674305 -41.778798141777685
80.8108108108108 -22.525050683824123 -24.852824336984938 -41.778835621136835
80.99099099099098 -22.399067057271047 -24.8517745866286 -41.778818187654
81.17117117117115 -22.276019873090412 -24.850717170216395 -41.778749496949885
81.35135135135135 -22.15602973100923 -24.849654389038378 -41.77863310015261
81.53153153153153 -22.03918617389472 -24.84858844493093 -41.77847244365297
81.7117117117117 -21.92555231053754 -24.84752144228668 -41.778270869113676
81.89189189189187 -21.815168854397854 -24.846455390190357 -41.77803161371329
82.07207207207207 -21.708057637450228 -24.84539220466454 -41.77775781060697
82.25225225225225 -21.604224656656537 -24.84433371101042 -41.77745248958604
82.43243243243242 -21.503662707378716 -24.843281646229073 -41.77711857791955
82.6126126126126 -21.406353653915584 -24.84223766150997 -41.776758901361646
82.7927927927928 -21.312270382795916 -24.8412033247738 -41.77637618530899
82.97297297297297 -21.221378479824203 -24.840180123257767 -41.77597305609333
83.15315315315314 -21.133637667355924 -24.839169466131985 -41.775552042394864
83.33333333333331 -21.049003034025922 -24.83817268713652 -41.775115576762786
83.51351351351352 -20.967426085218666 -24.83719104722912 -41.77466599722976
83.69369369369369 -20.88885563900499 -24.83622573723446 -41.77420554900802
83.87387387387386 -20.81323858906813 -24.83527788048628 -41.77373638625511
84.05405405405403 -20.74052055329926 -24.834348535454488 -41.77326057389786
84.23423423423424 -20.670646424234747 -24.833438698349806 -41.77278008950405
84.41441441441441 -20.60356083531136 -24.8325493056991 -41.77229682519135
84.59459459459458 -20.53920855499286 -24.83168123688515 -41.77181258956389
84.77477477477476 -20.477534819157242 -24.830835316645032 -41.77132910966734
84.95495495495496 -20.41848561068573 -24.830012317521778 -41.77084803295373
85.13513513513513 -20.362007893943556 -24.829212962264485 -41.77037092924783
85.3153153153153 -20.30804981076393 -24.828437926172484 -41.7698992927074
85.49549549549548 -20.256560843614515 -24.827687839379404 -41.769434543769876
85.67567567567568 -20.207491950826277 -24.826963289073717 -41.768978031078774
85.85585585585585 -20.160795678072265 -24.826264821652234 -41.768531033383226
86.03603603603602 -20.11642624969378 -24.825592944803795 -41.76809476140471
86.2162162162162 -20.074339642961 -24.82494812952041 -41.76767035966517
86.3963963963964 -20.03449364791731 -24.824330812033523 -41.76725890827126
86.57657657657657 -19.99684791508162 -24.823741395673334 -41.7668614246499
86.75675675675674 -19.961363992959004 -24.823180252649276 -41.76647886523018
86.93693693693692 -19.928005357034447 -24.822647725750137 -41.766112127067686
87.11711711711712 -19.896737431684898 -24.82214412996227 -41.76576204940702
87.29729729729729 -19.867527606240696 -24.821669754004834 -41.765429415178836
87.47747747747746 -19.84034524625238 -24.821224861780816 -41.76511495242803
87.65765765765764 -19.815161700866504 -24.820809693743143 -41.7648193356699
87.83783783783784 -19.791950307085212 -24.82042446817491 -41.764543187171405
88.01801801801801 -19.770686391571495 -24.820069382383217 -41.764287078154766
88.19819819819818 -19.75134727056576 -24.81974461380606 -41.76405152992114
88.37837837837836 -19.733912248397267 -24.819450321031688 -41.76383701489196
88.55855855855856 -19.718362615000327 -24.81918664473028 -41.76364395756622
88.73873873873873 -19.704681642783797 -24.81895370849747 -41.76347273539163
88.9189189189189 -19.692854583149114 -24.81875161960954 -41.76332367954828
89.09909909909908 -19.682868662903246 -24.81858046969012 -41.763197075643305
89.27927927927928 -19.67471308077308 -24.81844033528819 -41.76309316431528
89.45945945945945 -19.66837900419101 -24.81833127836735 -41.76301214174747
89.63963963963963 -19.663859566488505 -24.8182533467062 -41.76295416008884
89.8198198198198 -19.66114986460578 -24.81820657420979 -41.76291932778233
90.0 -19.66024695739973 -24.81819098113215 -41.762907709799634
