Angle Bartlett MVDR MUSIC
-90.0 -18.366362347089296 -2.944271985930192 -34.02068363077742
-89.81981981981981 -18.366362569738097 -2.944324599650944 -34.02059498494336
-89.63963963963964 -18.366365909452885 -2.9444824256637365 -34.02032886151304
-89.45945945945945 -18.36638038141463 -2.94474541804248 -34.019884703491336
-89.27927927927928 -18.366419343876082 -2.9451134986522827 -34.01926158518702
-89.09909909909909 -18.36650149769965 -2.945586554765529 -34.018458216175546
-88.91891891891892 -18.366650885932426 -2.9461644357309105 -34.01747294687017
-88.73873873873873 -18.36689689364068 -2.9468469487019746 -34.016303775724516
-88.55855855855856 -18.36727424828924 -2.947633853433863 -34.014948358096206
-88.37837837837837 -18.36782302101462 -2.9485248561591315 -34.01340401680735
-88.1981981981982 -18.36858862920458 -2.9495196025557395 -34.01166775444368
-88.01801801801801 -18.369621840860084 -2.950617669822966 -34.00973626743999
-87.83783783783784 -18.370978781280026 -2.951818557883641 -34.00760596200512
-87.65765765765765 -18.372720942673354 -2.953121679733934 -34.005272971944834
-87.47747747747748 -18.374915197368637 -2.954526350965254 -34.002733178445844
-87.29729729729729 -18.377633815357505 -2.9560317784860435 -33.99998223188852
-87.11711711711712 -18.380954486975792 -2.9576370484751506 -33.99701557575977
-86.93693693693693 -18.384960351596355 -2.9593411136021777 -33.99382847274087
-86.75675675675676 -18.389740033278844 -2.961142779554643 -33.99041603304752
-86.57657657657657 -18.39538768439711 -2.963040690916256 -33.98677324510144
-86.3963963963964 -18.402003038343175 -2.965033316445412 -33.98289500861392
-86.21621621621621 -18.40969147248981 -2.9671189338082025 -33.97877617016153
-86.03603603603604 -18.418564082682273 -2.96929561382558 -33.97441156133358
-85.85585585585585 -18.428737770623965 -2.971561204300045 -33.969796039528646
-85.67567567567568 -18.440335345623563 -2.973913313493127 -33.9649245314738
-85.49549549549549 -18.453485642281514 -2.9763492933311357 -33.959792079535546
-85.31531531531532 -18.468323655815027 -2.978866222423034 -33.95439389088453
-85.13513513513513 -18.484990696853366 -2.9814608889808754 -33.9487253895677
-84.95495495495496 -18.503634567680162 -2.9841297737399963 -33.94278227153093
-84.77477477477477 -18.524409762061715 -2.9868690329829137 -33.93656056262263
-84.5945945945946 -18.547477690976038 -2.989674481777953 -33.930056679592916
-84.41441441441441 -18.573006936754435 -2.992541577550418 -33.923267494085465
-84.23423423423424 -18.601173538364833 -2.995465404111088 -33.91619039959745
-84.05405405405405 -18.63216131080432 -2.9984406562736776 -33.9088233813589
-83.87387387387388 -18.66616220183395 -3.001461625199542 -33.90116508905453
-83.69369369369369 -18.70337668957784 -3.0045221846143306 -33.893214912279085
-83.51351351351352 -18.744014224827794 -3.007615778047581 -33.88497305858112
-83.33333333333333 -18.78829372223835 -3.0107354072519987 -33.876440633909255
-83.15315315315316 -18.836444104972372 -3.0138736219646005 -33.86761972522936
-82.97297297297297 -18.888704907752732 -3.0170225111767546 -33.858513485030514
-82.7927927927928 -18.945326943696962 -3.020173696084609 -33.84912621738109
-82.61261261261261 -19.006573040739784 -3.023318324894808 -33.83946346513524
-82.43243243243244 -19.0727188538798 -3.0264470696635652 -33.829532097821804
-82.25225225225225 -19.144053759894696 -3.0295501253490014 -33.81934039967489
-82.07207207207207 -19.220881841523795 -3.032617211257926 -33.808898157185936
-81.89189189189189 -19.303522968374516 -3.035637575068308 -33.79821674547206
-81.71171171171171 -19.392313981901353 -3.0385999996077144 -33.78730921266518
-81.53153153153153 -19.48760999163625 -3.04149281256584 -33.77619036143072
-81.35135135135135 -19.58978578927775 -3.0443038993157745 -33.76487682662508
-81.17117117117117 -19.69923738607875 -3.0470207190138074 -33.753387147997024
-80.990990990991 -19.81638367692017 -3.0496303241413107 -33.74174183673294
-80.8108108108108 -19.941668231116992 -3.0521193836442473 -33.729963434538355
-80.63063063063063 -20.075561204797832 -3.0544742098163766 -33.71807656384249
-80.45045045045045 -20.21856136179684 -3.0566807890608114 -33.70610796760933
-80.27027027027027 -20.371198178218066 -3.0587248166512837 -33.694086537141295
-80.09009009009009 -20.534033988467982 -3.060591735599345 -33.682043326172334
-79.90990990990991 -20.707666105165185 -3.062266779716052 -33.67001154947047
-79.72972972972973 -20.892728808381364 -3.063735020937315 -33.6580265641083
-79.54954954954955 -21.089895046040933 -3.064981420959672 -33.64612583151869
-79.36936936936937 -21.29987760958729 -3.0659908872088892 -33.63434885843645
-79.1891891891892 -21.52342943642015 -3.0667483331362506 -33.622737114839204
-79.009009009009 -21.76134252741827 -3.0672387428073087 -33.611333927048655
-78.82882882882883 -22.01444473117746 -3.067447239714638 -33.60018434424035
-78.64864864864865 -22.283593303135515 -3.0673591597097234 -33.58933497674239
-78.46846846846847 -22.569663649272616 -3.066960127909488 -33.57883380468536
-78.28828828828829 -22.87353094137799 -3.066236139389613 -33.5687299558014
-78.10810810810811 -23.196041246210353 -3.0651736434301475 -33.55907345146371
-77.92792792792793 -23.53796731016662 -3.063759631028156 -33.54991492041036
-77.74774774774775 -23.899942009766146 -3.0619817253377923 -33.54130528001059
-77.56756756756756 -24.282359511372754 -3.059828274639779 -33.533295385404905
-77.38738738738739 -24.68523019570512 -3.0572884473799844 -33.52593564738229
-77.2072072072072 -25.107970373434934 -3.05435232875064 -33.51927562044088
-77.02702702702703 -25.549102247547918 -3.051011018217827 -33.513363563107816
-76.84684684684684 -26.00583525953546 -3.047256727325455 -33.50824597325715
-76.66666666666667 -26.473501475255055 -3.0430828770295615 -33.50396710185099
-76.48648648648648 -26.944834857788624 -3.0384841937375113 -33.50056844922217
-76.30630630630631 -27.409135010861313 -3.033456803145749 -33.498088248698956
-76.12612612612612 -27.85146557473424 -3.027998320887833 -33.496560943025095
-75.94594594594595 -28.252224056511487 -3.0221079389223515 -33.49601665962999
-75.76576576576576 -28.587648007705063 -3.0157865065102287 -33.49648069133331
-75.58558558558559 -28.83192417226902 -3.009036604553547 -33.49797298950351
-75.4054054054054 -28.96122010540287 -3.001862611996065 -33.500507677011825
-75.22522522522523 -28.95893598170439 -2.9942707629212286 -33.504092588512854
-75.04504504504504 -28.820206856782505 -2.986269192928981 -33.50872884562573
-74.86486486486487 -28.55338029220437 -2.9778679733317643 -33.51441047447568
-74.68468468468468 -28.17763083537725 -2.9690791316854046 -33.52112407277752
-74.50450450450451 -27.71804438787393 -2.959916657166437 -33.528848533202094
-74.32432432432432 -27.200528894520456 -2.9503964893272023 -33.537554829168
-74.14414414414415 -26.648243724138702 -2.940536488808462 -33.5472058684574
-73.96396396396396 -26.07994171025362 -2.93035638867023 -33.55775641918402
-73.78378378378379 -25.509758059924312 -2.9198777251197527 -33.56915311166696
-73.6036036036036 -24.947777058254896 -2.909123746574701 -33.58133451871368
-73.42342342342343 -24.40086579501201 -2.8981193002044927 -33.59423131572093
-73.24324324324324 -23.873491108927475 -2.886890695345703 -33.607766520896504
-73.06306306306307 -23.36840355033943 -2.8754655434925187 -33.62185581482194
-72.88288288288288 -22.887164761613 -2.8638725749209515 -33.63640793754882
-72.70270270270271 -22.430534962606057 -2.8521414324177807 -33.65132516047975
-72.52252252252252 -21.99874923141753 -2.840302443049964 -33.66650382945661
-72.34234234234233 -21.591710685248287 -2.828386369426284 -33.68183497478274
-72.16216216216216 -21.209123754890275 -2.8164241424644585 -33.69720498336045
-71.98198198198199 -20.850585213183255 -2.804446578278828 -33.71249632773729
-71.8018018018018 -20.51564583066954 -2.792484082435685 -33.727588346627556
-71.62162162162161 -20.203851810875328 -2.78056634547578 -33.74235807140461
-71.44144144144144 -19.914772419731445 -2.7687220342617547 -33.756681093133814
-71.26126126126127 -19.648018269982277 -2.7569784843581036 -33.770432464918855
-71.08108108108108 -19.40325335221601 -2.745361399274429 -33.783487634643386
-70.9009009009009 -19.18020295485409 -2.7338945629810345 -33.79572340358043
-70.72072072072072 -18.978658961725795 -2.722599572619279 -33.80701890678205
-70.54054054054055 -18.798483568037682 -2.711495598757509 -33.81725661162127
-70.36036036036036 -18.639612150404222 -2.7005991808665253 -33.82632333130075
-70.18018018018017 -18.50205582042165 -2.689924065887625 -33.83411125053408
-70.0 -18.385904053944145 -2.6794810978232504 -33.840518960907964
-69.81981981981983 -18.291327699285855 -2.6692781661805407 -33.84545250361176
-69.63963963963964 -18.21858261307256 -2.6593202208276976 -33.84882641723627
-69.45945945945945 -18.16801414302713 -2.6496093603737263 -33.850564788161705
-69.27927927927928 -18.140062666210575 -2.6401450005461924 -33.85060230063867
-69.0990990990991 -18.135270394836226 -2.630924128216872 -33.848885282982245
-68.91891891891892 -18.154289676540692 -2.621941645709903 -33.84537274531565
-68.73873873873873 -18.19789303927825 -2.6131908088248728 -33.84003740298824
-68.55855855855856 -18.26698525966029 -2.6046637606200873 -33.83286667812832
-68.37837837837839 -18.36261776296769 -2.596352161434518 -33.82386366975972
-68.1981981981982 -18.486005685060093 -2.588247913884471 -33.8130480805048
-68.01801801801801 -18.638547926060582 -2.5803439796557486 -33.80045708512587
-67.83783783783784 -18.821850475365423 -2.5726352828257775 -33.786146123048525
-67.65765765765767 -19.03775313597635 -2.5651196921918378 -33.77018959361781
-67.47747747747748 -19.288359428502364 -2.5577990726489124 -33.75268142924596
-67.29729729729729 -19.57606873515464 -2.5506803930491473 -33.7337355179409
-67.11711711711712 -19.903608322594675 -2.543776875182286 -33.713485943126
-66.93693693693695 -20.274060140644544 -2.5371091655408993 -33.69208700539319
-66.75675675675676 -20.690872058250946 -2.5307065083833304 -33.66971298814509
-66.57657657657657 -21.157833228043717 -2.5246078952975233 -33.64655762730681
-66.3963963963964 -21.67897427186218 -2.518863163036285 -33.62283324480035
-66.21621621621622 -22.25831675887472 -2.5135340078971664 -33.59876950668855
-66.03603603603604 -22.89932772627487 -2.508694881449875 -33.5746117702407
-65.85585585585585 -23.603807049754685 -2.5044337291002092 -33.55061899005961
-65.67567567567568 -24.369709370573354 -2.5008525299988893 -33.52706116219617
-65.4954954954955 -25.18705454667051 -2.498067594385129 -33.50421629709993
-65.31531531531532 -26.03075301428379 -2.496209572880102 -33.482366927385186
-65.13513513513513 -26.84969121521155 -2.4954231318500444 -33.46179617456469
-64.95495495495496 -27.555333891604626 -2.4958662501199287 -33.44278341966466
-64.77477477477478 -28.02375218119122 -2.4977090954398284 -33.425599645202496
-64.5945945945946 -28.134042644935455 -2.501132444589791 -33.410502539260364
-64.41441441441441 -27.83824554152482 -2.5063256192185768 -33.39773147488937
-64.23423423423424 -27.19679553256072 -2.5134839207208097 -33.38750249815657
-64.05405405405406 -26.334858861885152 -2.5228055617979788 -33.38000347401179
-63.873873873873876 -25.37370554954189 -2.5344881097439362 -33.375389549064806
-63.693693693693696 -24.39748589710583 -2.5487244766063744 -33.37377909283462
-63.513513513513516 -23.45400208742813 -2.565698513551991 -33.37525027301729
-63.333333333333336 -22.566508445659082 -2.5855802900213503 -33.37983840539925
-63.153153153153156 -21.744223844577956 -2.60852116129504 -33.38753419554489
-62.972972972972975 -20.98907947082487 -2.6346487493329906 -33.39828295842451
-62.792792792792795 -20.299526072694903 -2.6640619794573075 -33.411984865557
-62.612612612612615 -19.672552318517823 -2.6968263278743683 -33.428496229429335
-62.432432432432435 -19.10471389522511 -2.732969440592157 -33.44763179465553
-62.252252252252255 -18.592638264671418 -2.7724772817717653 -33.46916796733151
-62.072072072072075 -18.13325779825191 -2.8152909583021235 -33.492846880855545
-61.891891891891895 -17.723905047158052 -2.8613043474505058 -33.518381170134184
-61.711711711711715 -17.362340254509956 -2.9103626266380207 -33.545459307905766
-61.531531531531535 -17.046747737569014 -2.962261770293912 -33.573751347424654
-61.351351351351354 -16.77572025380753 -3.0167490405647768 -33.602914914722334
-61.171171171171174 -16.548241330078607 -3.0735244590343314 -33.6326013001814
-60.990990990990994 -16.36367081417047 -3.1322432083462237 -33.66246151179475
-60.81081081081081 -16.221736540294234 -3.192518878385087 -33.692152169488956
-60.630630630630634 -16.12253391346173 -3.253927443724903 -33.721341139404615
-60.45045045045045 -16.066534860459154 -3.3160118390473436 -33.74971282725221
-60.270270270270274 -16.054607693103613 -3.378286988069019 -33.7769730692071
-60.09009009009009 -16.08804986384724 -3.4402451393282414 -33.80285357598295
-59.90990990990991 -16.168636340950286 -3.5013613683910307 -33.82711589978865
-59.729729729729726 -16.29868743577124 -3.5610991194974364 -33.849554904249096
-59.54954954954955 -16.481161485523124 -3.6189156788523835 -33.870001723814966
-59.369369369369366 -16.719780003330744 -3.6742674949533787 -33.88832620176866
-59.18918918918919 -17.019195993074415 -3.726615286824636 -33.904438794983534
-59.009009009009006 -17.385220370706183 -3.7754289072255673 -33.91829192966986
-58.82882882882883 -17.825127026888858 -3.8201919535087976 -33.92988078619448
-58.648648648648646 -18.3480636202001 -3.860406142810896 -33.93924348361297
-58.46846846846847 -18.965600131483438 -3.895595489972422 -33.94646062687282
-58.288288288288285 -19.69244059432744 -3.925310345588085 -33.951654172936955
-58.10810810810811 -20.54727104164433 -3.949131367680798 -33.954985567646375
-57.92792792792793 -21.553503419191227 -3.966673513612922 -33.956653104363326
-57.74774774774775 -22.73890785719992 -3.9775901489668932 -33.95688845968084
-57.56756756756757 -24.130437459934893 -3.9815773771613787 -33.95595237202211
-57.38738738738739 -25.73133561705099 -3.9783786972631847 -33.954129446811464
-57.20720720720721 -27.440328286010903 -3.967790097278785 -33.951722097703076
-57.02702702702703 -28.84587662792093 -3.9496656852383634 -33.94904366712575
-56.84684684684685 -29.138446850915813 -3.9239239491883264 -33.94641081038059
-56.66666666666667 -28.006172223063448 -3.8905547177306006 -33.94413527401122
-56.48648648648649 -26.16319678525569 -3.8496268622175016 -33.942515248439555
-56.30630630630631 -24.267190030679867 -3.801296736586775 -33.941826523252494
-56.12612612612613 -22.551097521928636 -3.7458172868275037 -33.94231371661173
-55.94594594594595 -21.050962858925907 -3.683547674396559 -33.944181883253975
-55.76576576576577 -19.74789882422551 -3.614963141681672 -33.94758882383931
-55.58558558558559 -18.613890190992567 -3.5406646987600023 -33.95263841819427
-55.4054054054054 -17.623642759871064 -3.461388027386797 -33.95937528394505
-55.22522522522522 -16.756714601488355 -3.378010782882412 -33.96778101979035
-55.04504504504504 -15.997151776724706 -3.291557237104852 -33.97777223114551
-54.86486486486486 -15.332652497880774 -3.2031989664043503 -33.989200459267515
-54.68468468468468 -14.75378968192874 -3.1142500818582377 -34.00185404926743
-54.5045045045045 -14.253398644059146 -3.0261553760343247 -34.01546190480756
-54.32432432432432 -13.82612358893886 -2.9404697874272285 -34.02969899518669
-54.14414414414414 -13.468093310394325 -2.8588278361567947 -34.044193410643885
-53.96396396396396 -13.176698057559042 -2.7829022331184206 -34.05853470922687
-53.78378378378378 -12.950446682920848 -2.7143517521526888 -34.07228326652391
-53.6036036036036 -12.788890687105441 -2.6547596663188604 -34.08498032865675
-53.42342342342342 -12.692608625777462 -2.605565485134811 -34.09615847766018
-53.24324324324324 -12.66325089833427 -2.567994190700906 -34.10535224339606
-53.06306306306306 -12.703652076202426 -2.5429883737723733 -34.1121086328979
-52.88288288288288 -12.818026990247182 -2.5311493017151445 -34.11599739135766
-52.7027027027027 -13.012279908241576 -2.5326927494862836 -34.11662085369181
-52.52252252252252 -13.294476992497195 -2.547424283127025 -34.11362328706858
-52.34234234234234 -13.67556777547762 -2.574736709816162 -34.10669965902138
-52.16216216216216 -14.170505485909635 -2.6136299240237197 -34.095603789810205
-51.98198198198198 -14.80003800202865 -2.6627508525530947 -34.08015585945218
-51.8018018018018 -15.593686722599996 -2.7204491113409186 -34.06024923814331
-51.62162162162162 -16.594956603796042 -2.784842690476625 -34.035856593266125
-51.44144144144144 -17.871024984344487 -2.8538876278261998 -34.007035197239475
-51.26126126126126 -19.53208431531873 -2.9254461409477823 -33.97393131935903
-51.08108108108108 -21.7725337544528 -2.9973488220419426 -33.936783533708685
-50.9009009009009 -24.952448946897352 -3.0674479503080687 -33.895924717612694
-50.72072072072072 -29.44398209689943 -3.133660447553794 -33.85178245588459
-50.54054054054054 -30.797967431453035 -3.194000281585641 -33.80487751208853
-50.36036036036036 -25.765468124982295 -3.2466010923857374 -33.75581998798158
-50.18018018018018 -21.57679002997054 -3.2897304523159616 -33.70530277705284
-50.0 -18.510663248412595 -3.321797510418029 -33.65409193986227
-49.81981981981982 -16.129888319643126 -3.3413558823146525 -33.603013700192804
-49.63963963963964 -14.190041430761875 -3.3471036101638147 -33.552937892553054
-49.45945945945946 -12.55583378633369 -3.3378819036672174 -33.504757889370886
-49.27927927927928 -11.146581642749032 -3.312674240974916 -33.45936729839097
-49.0990990990991 -9.910789270651433 -3.2706072989426827 -33.41763403422494
-48.91891891891892 -8.813745022118827 -3.2109551221896244 -33.38037270631582
-48.73873873873874 -7.8310104372555545 -3.1331479436856258 -33.34831658935378
-48.55855855855856 -6.944767717399705 -3.036787138730343 -33.32209070258739
-48.37837837837838 -6.141651845288257 -2.9216679195026107 -33.30218767059535
-48.1981981981982 -5.411401554023078 -2.787811532662846 -33.28894802713729
-48.01801801801802 -4.745985729116656 -2.635508855936197 -33.28254643204176
-47.83783783783784 -4.139018236478485 -2.465377308279307 -33.28298490286465
-47.65765765765766 -3.5853544555696355 -2.278432735319872 -33.290093653409734
-47.47747747747748 -3.08080609392626 -2.0761771571607204 -33.30353954215759
-47.2972972972973 -2.621935237359669 -1.8607015967077414 -33.322841542889535
-47.11711711711712 -2.2059028451348057 -1.6348001384492303 -33.347392135196394
-46.93693693693694 -1.8303555178557378 -1.402086315645542 -33.37648313662957
-46.75675675675676 -1.493339733319139 -1.167095417358401 -33.409334296811515
-46.57657657657658 -1.1932361786283476 -0.9353464291207543 -33.445122951718844
-46.3963963963964 -0.9287090562257284 -0.7133264775913479 -33.48301317052406
-46.21621621621622 -0.6986667484240117 -0.5083525459648723 -33.522183075467446
-46.03603603603604 -0.5022312558887116 -0.3282664579653122 -33.56184932658273
-45.85585585585586 -0.3387145452414764 -0.1809380749059314 -33.601288089123635
-45.67567567567568 -0.20760045400122523 -0.07359415213626655 -33.63985210315397
-45.4954954954955 -0.1085311751922194 -0.012052222530031749 -33.676983726179984
-45.31531531531532 -0.04129762408336311 0.0 -33.71222400879133
-45.13513513513514 -0.0058332063411049555 -0.03848849005350973 -33.7452179895706
-44.95495495495496 -0.0022106820083599033 -0.12577440105055412 -33.77571646702694
-44.77477477477478 -0.030641969163749616 -0.2575566553637332 -33.8035745360451
-44.5945945945946 -0.09148086753379187 -0.42754032815967485 -33.828747179408495
-44.414414414414416 -0.18522881672436114 -0.6281804056912501 -33.8512821961825
-44.234234234234236 -0.31254394681109665 -0.8514385319861413 -33.87131074108381
-44.054054054054056 -0.47425384249417024 -1.0894231800955052 -33.88903575242119
-43.873873873873876 -0.6713726400763613 -1.3348473986268992 -33.90471856716004
-43.693693693693696 -0.9051233277459504 -1.5812973201413483 -33.91866406249343
-43.513513513513516 -1.1769664496935563 -1.8233421974886563 -33.931204722142695
-43.333333333333336 -1.4886368602397364 -2.056531409719155 -33.942684096508565
-43.153153153153156 -1.8421907895698122 -2.2773225432620623 -33.95344019918931
-42.972972972972975 -2.2400663494748922 -2.4829755516891576 -33.9637894461126
-42.792792792792795 -2.6851618511046023 -2.6714371426385295 -33.97401178434889
-42.612612612612615 -3.180938123645528 -2.841230093395599 -33.984337663251864
-42.432432432432435 -3.7315537268403154 -2.991355214362212 -33.99493746164515
-42.252252252252255 -4.342046052220105 -3.1212090800427434 -34.005913897142236
-42.072072072072075 -5.018577655619 -3.2305179088496665 -34.017297809523875
-41.891891891891895 -5.768777189542352 -3.319286516361868 -34.02904753823729
-41.711711711711715 -6.602220465258849 -3.3877606099979674 -34.041051919055846
-41.531531531531535 -7.5311237135551305 -3.436400487567102 -34.0531367248721
-41.351351351351354 -8.571365257129642 -3.465864215520022 -34.065074189367046
-41.171171171171174 -9.744025028375983 -3.476998448977708 -34.076595096535776
-40.990990990990994 -11.077747098446874 -3.4708351272822693 -34.08740280565621
-40.810810810810814 -12.612376634995934 -3.4485922865542022 -34.0971885159495
-40.630630630630634 -14.40428722107779 -3.4116771510007475 -34.105647057136835
-40.450450450450454 -16.532134507762017 -3.361689494326704 -34.1124925150702
-40.270270270270274 -19.089132898865792 -3.3004230188366943 -34.11747305560518
-40.090090090090094 -22.065984859848985 -3.2298622243614714 -34.12038438334327
-39.90990990990991 -24.669698828677184 -3.152172003555243 -34.12108135382938
-39.72972972972973 -24.647734403083223 -3.069677109408468 -34.11948733955632
-39.54954954954955 -22.40937695070648 -2.984828829950495 -34.115601026394835
-39.36936936936937 -20.0808033547587 -2.9001568220875673 -34.109500386339604
-39.18918918918919 -18.20346667364117 -2.818205226728388 -34.101343636872
-39.00900900900901 -16.744536234774408 -2.7414539586487816 -34.09136706184321
-38.82882882882883 -15.612608909739052 -2.6722283429806675 -34.07987964041618
-38.64864864864865 -14.735521292444943 -2.6126027702473515 -34.06725451645425
-38.46846846846847 -14.062669066488864 -2.5643062857894297 -34.0539174466485
-38.28828828828829 -13.559015038029461 -2.5286394268889274 -34.0403324944014
-38.10810810810811 -13.20013693378451 -2.5064116326950443 -34.02698538610431
-37.92792792792793 -12.968931582252893 -2.4979068955696757 -34.01436510920174
-37.74774774774775 -12.853510385092573 -2.50288213345698 -34.002944493400044
-37.56756756756757 -12.845865193193308 -2.5205986226936945 -33.99316065832036
-37.38738738738739 -12.941030470208988 -2.5498826187986094 -33.98539631052549
-37.20720720720721 -13.136576017259996 -2.5892079115917506 -33.979962908363746
-37.02702702702703 -13.432332767844422 -2.6367911504072827 -33.977086667506995
-36.84684684684685 -13.83029550183606 -2.6906905405029353 -33.97689824555901
-36.66666666666667 -14.334669764982973 -2.748899725121254 -33.979426725017625
-36.48648648648649 -14.952037757581556 -2.8094308144384037 -33.984598227621376
-36.30630630630631 -15.69160057388136 -2.8703830065576357 -33.99223916838612
-36.12612612612613 -16.565378879450655 -2.9299955627657988 -34.00208382998053
-35.94594594594595 -17.58802288183756 -2.986685730702516 -34.01378564388228
-35.76576576576577 -18.7752121207429 -3.039073431144883 -34.026931335009394
-35.58558558558559 -20.137713150979877 -3.085995163250235 -34.04105694197847
-35.40540540540541 -21.662967492593932 -3.1265097519058904 -34.05566467376178
-35.22522522522523 -23.26484605116252 -3.1598984006187667 -34.0702396006941
-35.04504504504505 -24.680539410732834 -3.185661155448887 -34.08426528890532
-34.86486486486487 -25.418572806234117 -3.2035114319728946 -34.097237651665665
-34.68468468468469 -25.124738191054195 -3.2133697766483778 -34.10867648636267
-34.50450450450451 -24.05700190698066 -3.215357565356319 -34.11813437120218
-34.32432432432433 -22.72619828224752 -3.209790903129275 -34.12520279469368
-34.14414414414415 -21.440502172197604 -3.1971745854112434 -34.12951557210641
-33.96396396396397 -20.309730007969126 -3.1781956134639824 -34.13074975982807
-33.78378378378379 -19.35498837576046 -3.153715427916458 -34.12862440828364
-33.60360360360361 -18.56794000620759 -3.12475974594847 -34.12289759669434
-33.42342342342343 -17.933242791724624 -3.092504681890506 -34.11336226962368
-33.24324324324325 -17.435951581224028 -3.058257734111758 -34.099841447333304
-33.06306306306307 -17.06360756218237 -3.0234322805102156 -34.082183410413755
-32.88288288288289 -16.806573820641397 -2.9895144931692452 -34.06025746434176
-32.70270270270271 -16.657857459892217 -2.958022104435869 -34.03395087147773
-32.52252252252253 -16.612841445291313 -2.9304552499737135 -34.003167496379206
-32.34234234234235 -16.669064282410698 -2.908240649212626 -33.96782864522477
-32.16216216216216 -16.8260870392889 -2.8926715633861972 -33.92787649209539
-31.98198198198198 -17.08545345428819 -2.8848471270303033 -33.88328037466438
-31.8018018018018 -17.4507347105788 -2.885615555822232 -33.83404611026198
-31.62162162162162 -17.927634147594517 -2.8955261555021194 -33.78022833035769
-31.44144144144144 -18.524086838583738 -2.914794809742744 -33.72194565583466
-31.26126126126126 -19.250180383260606 -2.9432866455764692 -33.659398333593124
-31.08108108108108 -20.117434913170413 -2.980517962329597 -33.59288772155765
-30.9009009009009 -21.136220967347697 -3.0256775207928337 -33.522836737571936
-30.72072072072072 -22.308138486899026 -3.077665279963871 -33.44981007284025
-30.54054054054054 -23.605617206366688 -3.1351450004644543 -33.37453261314713
-30.36036036036036 -24.924122354193123 -3.196606076423742 -33.29790412384359
-30.18018018018018 -26.00504357644995 -3.2604296263744024 -33.221007870634224
-30.0 -26.443055529720677 -3.324954218870756 -33.14511052952313
-29.81981981981982 -26.003534146691877 -3.388537454474272 -33.07165058276191
-29.63963963963964 -24.914938359076473 -3.4496107367792646 -33.002212533686226
-29.45945945945946 -23.583678233926605 -3.506725711649363 -32.93848485057894
-29.27927927927928 -22.271804204383546 -3.5585918587052205 -32.88220070000928
-29.0990990990991 -21.08614977628374 -3.6041054774092944 -32.83506231233591
-28.91891891891892 -20.055528472466243 -3.6423707857159613 -32.79865215392822
-28.73873873873874 -19.179119875110523 -3.672714058026459 -32.77433668247263
-28.55855855855856 -18.44720041459148 -3.694691718197331 -32.76317084852666
-28.37837837837838 -17.84891436750192 -3.7080931331777323 -32.765813063101916
-28.1981981981982 -17.37493079224941 -3.7129385858018207 -32.782460498377546
-28.01801801801802 -17.018214573028715 -3.709472599732564 -32.81281300042577
-27.83783783783784 -16.774155531466793 -3.698152498921154 -32.856070674692305
-27.65765765765766 -16.640529354095268 -3.6796318577156377 -32.91096593670513
-27.47747747747748 -16.61747271343962 -3.6547383825984503 -32.97582641256665
-27.2972972972973 -16.707546501530672 -3.6244458052224546 -33.048661481424126
-27.117117117117118 -16.915921452084472 -3.589839593166402 -33.12726316916818
-26.936936936936938 -17.250701776171628 -3.552076716681051 -33.20931176933722
-26.756756756756758 -17.723372812340948 -3.512340334985262 -33.29247776155706
-26.576576576576578 -18.349264416228685 -3.4717910327176997 -33.374513784796775
-26.396396396396398 -19.147614138622515 -3.4315170481116883 -33.453332970641235
-26.216216216216218 -20.139830500829696 -3.392486650104136 -33.527072309160424
-26.036036036036037 -21.341439162693504 -3.3555062811162903 -33.59414155696783
-25.855855855855864 -22.733780280815395 -3.3211881376976593 -33.65325935819203
-25.675675675675677 -24.179817043040597 -3.2899304192432144 -33.70347874701768
-25.495495495495504 -25.257940171162105 -3.2619125325902614 -33.74420413945313
-25.315315315315317 -25.302927409081608 -3.237106199713554 -33.775201439473804
-25.135135135135144 -24.166626828006095 -3.215301868751011 -33.79660211471658
-24.954954954954957 -22.45338162445759 -3.196148312023598 -33.80890115720677
-24.774774774774784 -20.69950063011313 -3.179202031026861 -33.812947842436095
-24.594594594594597 -19.11470110582361 -3.1639822322573967 -33.809927249415715
-24.414414414414424 -17.74344628798086 -3.1500267470612964 -33.801329745933806
-24.234234234234236 -16.577557294172216 -3.1369443078725427 -33.78890525850649
-24.054054054054063 -15.59735756501986 -3.1244589642673204 -33.774599352776995
-23.873873873873876 -14.784022219351254 -3.1124430095891227 -33.76046916582321
-23.693693693693703 -14.122668047189562 -3.1009355014090585 -33.74857920333217
-23.513513513513516 -13.602738974975628 -3.090144256806169 -33.74087991098966
-23.333333333333343 -13.217751358679674 -3.080430101914317 -33.73907543615416
-23.153153153153156 -12.965044349973505 -3.0722732069311403 -33.74449046502511
-22.972972972972983 -12.845749175073923 -3.066222595313594 -33.75794854523255
-22.792792792792795 -12.865082409955997 -3.0628313846859445 -33.77967495201435
-22.612612612612622 -13.0330807914667 -3.0625819121646285 -33.80923531836843
-22.432432432432435 -13.365980163065924 -3.065806420766064 -33.84551696032206
-22.252252252252262 -13.888613667193987 -3.0726101423175716 -33.88675388185205
-22.072072072072075 -14.638523166114384 -3.082804079472302 -33.93059019467118
-21.891891891891902 -15.673015775347107 -3.095854308788555 -33.97417159353985
-21.711711711711715 -17.080872143748685 -3.110853121155797 -34.01425164096076
-21.53153153153154 -18.996792310086377 -3.12651495572002 -34.04729926749972
-21.351351351351354 -21.569780378531934 -3.1411972762930986 -34.069595692606626
-21.17117117117118 -24.4168418442749 -3.1529438302165524 -34.07731205878544
-20.990990990990994 -24.524636685741147 -3.159545647976387 -34.06656248545526
-20.810810810810807 -21.141308270396312 -3.1586140534679883 -34.03343020398943
-20.630630630630634 -17.68269936665831 -3.147659979439778 -33.973966460343924
-20.450450450450447 -14.88449199113354 -3.1241749003517145 -33.884162791189965
-20.270270270270274 -12.620971391624373 -3.0857104256251744 -33.759897111191044
-20.090090090090087 -10.745200341150156 -3.029955709334992 -33.59685287278089
-19.909909909909913 -9.157298383075936 -2.9548140401827827 -33.39040839546471
-19.729729729729726 -7.791654894510611 -2.8584820824353105 -33.135490159305206
-19.549549549549553 -6.604052429878756 -2.7395371361760223 -32.8263789724849
-19.369369369369366 -5.563672447265101 -2.597039398928792 -32.456450521447444
-19.189189189189193 -4.648356597312872 -2.4306574002267842 -32.01782009641541
-19.009009009009006 -3.8417472540349036 -2.240825192722499 -31.500841820249804
-18.828828828828833 -3.131507170302874 -2.028938745205265 -30.893378744856697
-18.648648648648646 -2.508174612095815 -1.797594840768648 -30.179697827545084
-18.468468468468473 -1.9644050069988748 -1.550866261994894 -29.338722767010736
-18.288288288288285 -1.4944555272521165 -1.2945888945225295 -28.34112708745352
-18.108108108108112 -1.0938272583080693 -1.0366064534746702 -27.144189128381644
-17.927927927927925 -0.7590127284593178 -0.7868768035941475 -25.681948336723522
-17.747747747747752 -0.48731601397442836 -0.5572994526912171 -23.84433989491643
-17.567567567567565 -0.2767244059031181 -0.36110281975109537 -21.426187663042825
-17.387387387387392 -0.1258179866896972 -0.21167671284740644 -17.97254401353461
-17.207207207207205 -0.033708234496752545 -0.12089194747312888 -12.099520720829005
-17.02702702702703 0.0 -0.09720244120893187 0.0
-16.846846846846844 -0.024773516125741624 -0.14405839182164187 -12.485139617933555
-16.66666666666667 -0.10858491000189535 -0.25918676305369265 -18.20296149780518
-16.486486486486484 -0.2524852740479347 -0.43501949420544794 -21.61253130914251
-16.30630630630631 -0.45805995665549304 -0.660099917030095 -24.016262702971154
-16.126126126126124 -0.7274915951041244 -0.9209546831542268 -25.850530080012085
-15.945945945945951 -1.0636528400603809 -1.2038686461002932 -27.313877629325056
-15.765765765765764 -1.4702381607252877 -1.4961976506704162 -28.513277007260736
-15.58558558558559 -1.9519492960818328 -1.7871181177184998 -29.512947815367028
-15.405405405405403 -2.514757072990675 -2.0678989958440326 -30.354482789448703
-15.22522522522523 -3.1662756825024116 -2.331854149632635 -31.066395462877438
-15.045045045045043 -3.91630829981752 -2.574125202882488 -31.669133736932906
-14.86486486486487 -4.777663444339241 -2.7914032886723876 -32.17792585100312
-14.684684684684683 -5.767416916450704 -2.9816543522540755 -32.604500937579544
-14.50450450450451 -6.908942429062237 -3.1438794413308457 -32.958186545428404
-14.324324324324323 -8.23534472283521 -3.2779204230502796 -33.24664335103864
-14.14414414414415 -9.79563190078359 -3.384310013238844 -33.476379892288286
-13.963963963963963 -11.66671158618268 -3.4641594689710247 -33.65312937462258
-13.78378378378379 -13.979181658288752 -3.5190751025131197 -33.782137125215456
-13.603603603603602 -16.980643293503018 -3.5510942099765352 -33.86838756877625
-13.42342342342343 -21.218053627795545 -3.5626311422161216 -33.91678701132904
-13.243243243243242 -27.945896525456163 -3.5564246952497087 -33.932309614999355
-13.063063063063069 -29.663128048071773 -3.5354787368951364 -33.92010697206419
-12.882882882882882 -23.222815999488322 -3.5029892079810216 -33.88557592017782
-12.702702702702709 -19.435565675672443 -3.4622526284471835 -33.83437477729493
-12.522522522522522 -17.048247484219125 -3.4165542448901007 -33.772375853861135
-12.342342342342349 -15.42764710420872 -3.36903800994214 -33.70554336227811
-12.162162162162161 -14.298039195213947 -3.3225653443340972 -33.639732281771614
-11.981981981981988 -13.52006868851749 -3.2795742993866766 -33.58041617829696
-11.801801801801801 -13.015879215608347 -3.2419541420464975 -33.53236923523808
-11.621621621621628 -12.739587570742263 -3.2109513091205475 -33.499345669290506
-11.441441441441441 -12.664056639646544 -3.187120343151406 -33.48381157899838
-11.261261261261268 -12.774503570853824 -3.17032793540845 -33.486783317225516
-11.08108108108108 -13.065419275207903 -3.159810694669133 -33.507809688368944
-10.900900900900908 -13.539391897082481 -3.15427958206725 -33.54510625588047
-10.72072072072072 -14.207332324576337 -3.152058003338834 -33.595818304495076
-10.540540540540547 -15.090118828278833 -3.151237593404253 -33.65636541110903
-10.36036036036036 -16.222144454552236 -3.1498360114733117 -33.72281194213577
-10.180180180180187 -17.65783333121082 -3.145943896435783 -33.791214112823695
-10.0 -19.482640977175297 -3.137852299063137 -33.85791005727597
-9.819819819819827 -21.826508893326842 -3.124156171698214 -33.919737483835334
-9.63963963963964 -24.833687445118343 -3.1038329503165447 -33.97417837691385
-9.459459459459467 -28.156977257144366 -3.0762974601174293 -34.01943932743147
-9.27927927927928 -28.940836032249013 -3.041435271809271 -34.05447952360418
-9.099099099099107 -26.209959973032078 -2.9996164573849238 -34.07899774071146
-8.91891891891892 -23.32804041032826 -2.951690800757101 -34.09338672251659
-8.738738738738746 -21.117190380487077 -2.8989643142485795 -34.09865979596912
-8.558558558558559 -19.470688892792737 -2.8431558056297215 -34.096351627022415
-8.378378378378386 -18.246293595797376 -2.786331632177657 -34.08839353532719
-8.198198198198199 -17.347366995391415 -2.730817038689302 -34.07696422382255
-8.018018018018026 -16.712151562784694 -2.67908389099639 -34.06431926476037
-7.837837837837839 -16.30135220888955 -2.63361728281527 -34.05260686431323
-7.657657657657666 -16.090413839364032 -2.59676719094895 -34.04368237973091
-7.477477477477478 -16.065122500418198 -2.570595445593788 -34.03893833752747
-7.297297297297305 -16.219234587686813 -2.5567317422737332 -34.039168642527436
-7.117117117117118 -16.55340235519885 -2.5562540549006245 -34.04448399066221
-6.936936936936945 -17.075040850353098 -2.5696076597319033 -34.05428991585337
-6.756756756756758 -17.798993028906324 -2.596572781517076 -34.067330449707235
-6.576576576576585 -18.74889589993759 -2.6362843097101596 -34.081791167420405
-6.396396396396398 -19.958774363678724 -2.68729961379198 -34.09544785018501
-6.216216216216225 -21.472325685272438 -2.747704038386148 -34.10584289602592
-6.0360360360360374 -23.32795268830706 -2.815239658236826 -34.11047149860879
-5.855855855855864 -25.47761896117336 -2.8874419569034866 -34.10696276980522
-5.675675675675677 -27.47644524505464 -2.9617709568783095 -34.09324590810651
-5.495495495495504 -28.09930344412151 -3.0357270042199676 -34.06769657107904
-5.315315315315317 -26.813431541510756 -3.1069457187302163 -34.02926249748169
-5.135135135135144 -24.826508708329087 -3.173270569487091 -33.97756937823203
-4.954954954954957 -22.991306514543908 -3.232804527395357 -33.91300771612373
-4.774774774774784 -21.497250678961713 -3.2839440871498136 -33.83679901184594
-4.5945945945945965 -20.331665865522254 -3.3253997382706144 -33.75103540424621
-4.4144144144144235 -19.45023259549889 -3.356206943183336 -33.658681537187746
-4.234234234234236 -18.8141443709266 -3.3757311223987023 -33.563522117686986
-4.054054054054063 -18.39534716082334 -3.383669283121206 -33.47003534649516
-3.873873873873876 -18.175537990663614 -3.3800499201250895 -33.38317393742032
-3.693693693693703 -18.144574768104132 -3.365231764256742 -33.30804483355016
-3.513513513513516 -18.299427342927263 -3.3399009082200815 -33.24949773151335
-3.333333333333343 -18.64383159009902 -3.3050648377526097 -33.21165932363005
-3.1531531531531556 -19.18864086940465 -3.262040985245817 -33.197477599530465
-2.9729729729729826 -19.9528285920815 -3.212436682915949 -33.20835700122852
-2.7927927927927954 -20.964843722092365 -3.158116955324566 -33.2439596119969
-2.6126126126126223 -22.262729393480193 -3.101156640436778 -33.3022165935787
-2.432432432432435 -23.885708202855422 -3.0437740773621536 -33.37954663712939
-2.252252252252262 -25.825939051811527 -2.988245230572595 -33.471232063422676
-2.072072072072075 -27.829199256410785 -2.9367996937332967 -33.571875477141226
-1.8918918918919019 -28.963123675335282 -2.891503354789821 -33.67585778912244
-1.7117117117117147 -28.221580415898593 -2.8541361130469554 -33.77773726039169
-1.5315315315315416 -26.325337688245863 -2.826076118156679 -33.87255742257075
-1.3513513513513544 -24.360321894545084 -2.808203604968793 -33.956058071171064
-1.1711711711711814 -22.689967444422308 -2.800836742090568 -34.024801575999795
-0.9909909909909942 -21.34945100244183 -2.8037087206195594 -34.076235257900656
-0.8108108108108212 -20.30271567270305 -2.8159900408980647 -34.10871150405151
-0.630630630630634 -19.509763826714558 -2.836353745434568 -34.12148355688471
-0.45045045045046095 -18.939475129068082 -2.8630756535748003 -34.11468899271186
-0.2702702702702737 -18.57030054023866 -2.89415774961441 -34.089326379727666
-0.09009009009010072 -18.388892421331917 -2.9274614256928717 -34.047224277921856
0.0900900900900865 -18.38889242133191 -2.960838198038134 -33.990996032325505
0.2702702702702595 -18.57030054023864 -2.9922481209516767 -33.923969146202914
0.45045045045044674 -18.939475129068054 -3.0198594796220286 -33.8500751605397
0.6306306306306197 -19.509763826714508 -3.04212658791535 -33.77368612296114
0.810810810810807 -20.302715672702988 -3.0578450724761774 -33.69938837157263
0.99099099099098 -21.349451002441732 -3.0661856503106018 -33.631694557947036
1.1711711711711672 -22.689967444422187 -3.066708145164335 -33.574710191027286
1.3513513513513402 -24.360321894544946 -3.05935755723426 -33.53178858201292
1.5315315315315274 -26.325337688245707 -3.044443697894092 -33.50522231651152
1.7117117117117004 -28.221580415898472 -3.022605529679331 -33.496023615119405
1.8918918918918877 -28.96312367533527 -2.9947611776259815 -33.503835715729586
2.0720720720720607 -27.829199256410924 -2.962044799941043 -33.526993718609056
2.252252252252248 -25.825939051811694 -2.92573222869313 -33.56272332478821
2.432432432432435 -23.885708202855422 -2.887158497001694 -33.60743983495651
2.612612612612608 -22.262729393480306 -2.8476318946499846 -33.657095942207214
2.7927927927927954 -20.964843722092365 -2.80835072967621 -33.7075277721421
2.9729729729729684 -19.952828592081573 -2.7703301058426257 -33.75476088934732
3.1531531531531556 -19.18864086940465 -2.7343463307707867 -33.79525511517591
3.3333333333333286 -18.643831590099047 -2.700905741185035 -33.82608290755557
3.513513513513516 -18.299427342927263 -2.6702427045643224 -33.84504713923868
3.693693693693689 -18.14457476810414 -2.6423485633853447 -33.850749474913506
3.873873873873876 -18.175537990663614 -2.6170298148291513 -33.84262107844953
4.054054054054049 -18.395347160823327 -2.5939904599642505 -33.82092466626208
4.234234234234236 -18.8141443709266 -2.572930728213776 -33.78673251902832
4.414414414414409 -19.45023259549882 -2.5536525734744457 -33.741880235735366
4.5945945945945965 -20.331665865522254 -2.5361614600593567 -33.68889178622957
4.7747747747747695 -21.497250678961613 -2.520753817787831 -33.630868747204154
4.954954954954957 -22.991306514543908 -2.5080799056879037 -33.571336482867984
5.13513513513513 -24.826508708328934 -2.499172570567877 -33.51404337569856
5.315315315315317 -26.813431541510756 -2.4954336640255574 -33.46271648498181
5.49549549549549 -28.09930344412148 -2.4985721101843796 -33.420787606897704
5.675675675675677 -27.47644524505464 -2.5104913640573834 -33.391115439771774
5.85585585585585 -25.477618961173533 -2.5331296848198863 -33.37573870897125
6.0360360360360374 -23.32795268830706 -2.5682641260952197 -33.375697506301115
6.2162162162162105 -21.472325685272562 -2.6172973437083376 -33.390953044927386
6.396396396396398 -19.958774363678724 -2.6810531745538717 -33.42042011923833
6.576576576576571 -18.748895899937676 -2.759609877265532 -33.462106096410345
6.756756756756758 -17.798993028906324 -2.852196909055571 -33.51333161961842
6.936936936936931 -17.07504085035316 -2.957171812741452 -33.57099689237843
7.117117117117118 -16.55340235519885 -3.0720801708102057 -33.631855733534934
7.297297297297291 -16.21923458768682 -3.1937873877981597 -33.69276612375761
7.477477477477478 -16.065122500418198 -3.318660289814262 -33.75089694087718
7.657657657657651 -16.090413839364025 -3.44277178161228 -33.80388194205243
7.837837837837839 -16.30135220888955 -3.5621033977823457 -33.84992095553948
8.018018018018012 -16.712151562784662 -3.67272684610838 -33.8878335537873
8.198198198198199 -17.347366995391415 -3.7709539603714664 -33.917072424061054
8.378378378378372 -18.2462935957973 -3.8534524642292514 -33.93770320409122
8.558558558558559 -19.470688892792737 -3.9173310979879683 -33.9503558736218
8.738738738738732 -21.117190380486925 -3.960201469369813 -33.95615093028694
8.91891891891892 -23.32804041032826 -3.980225660841454 -33.95660232573033
9.099099099099092 -26.209959973031772 -3.9761586782363505 -33.95349901534773
9.27927927927928 -28.940836032249013 -3.94739376768281 -33.948768206218325
9.459459459459453 -28.156977257144618 -3.8940167658158202 -33.94432585452557
9.63963963963964 -24.833687445118343 -3.8168730025720854 -33.94192315999321
9.819819819819813 -21.826508893327055 -3.717646581268101 -33.94300085822327
10.0 -19.482640977175297 -3.598946636358831 -33.9485649447987
10.180180180180173 -17.657833331210927 -3.4643878993443673 -33.95909711321357
10.36036036036036 -16.222144454552236 -3.3186434130854066 -33.974510191272195
10.540540540540533 -15.090118828278898 -3.1674363567520443 -33.99415354432953
10.72072072072072 -14.207332324576337 -3.0174284456027456 -34.01686688952628
10.900900900900893 -13.53939189708253 -2.8759597480485795 -34.04107478140698
11.08108108108108 -13.065419275207903 -2.750606859989439 -34.06490961929736
11.261261261261254 -12.774503570853845 -2.648560303456521 -34.08634921375696
11.441441441441441 -12.664056639646544 -2.575877703396123 -34.10335573668773
11.621621621621614 -12.73958757074224 -2.5367324059811898 -34.11400558321849
11.801801801801801 -13.015879215608347 -2.5328186965754944 -34.116603273708705
11.981981981981974 -13.520068688517457 -2.5630640964558813 -34.10977603994538
12.162162162162161 -14.298039195213947 -2.623727110647771 -34.092548474604044
12.342342342342334 -15.427647104208631 -2.7088512237384017 -34.064398241481555
12.522522522522522 -17.048247484219125 -2.8109518398470694 -34.025294318324974
12.702702702702695 -19.43556567567223 -2.9217722858618744 -33.97571875132077
12.882882882882882 -23.222815999488322 -3.0329649975844792 -33.91667172987569
13.063063063063055 -29.66312804807119 -3.1366112691545815 -33.8496582935505
13.243243243243242 -27.945896525456163 -3.2255552200894377 -33.77665356350482
13.423423423423415 -21.21805362779594 -3.293572990740288 -33.700042511950485
13.603603603603602 -16.980643293503018 -3.3354205480254646 -33.622530455307604
13.783783783783775 -13.97918165828897 -3.3468076269062212 -33.54702216339738
13.963963963963963 -11.66671158618268 -3.3243394459313103 -33.47647101157058
14.144144144144136 -9.795631900783718 -3.2654588192147767 -33.41370483201159
14.324324324324323 -8.23534472283521 -3.168413262742435 -33.36124126109178
14.504504504504496 -6.908942429062323 -3.0322663599286614 -33.32111094613654
14.684684684684683 -5.767416916450704 -2.8569701228563504 -33.29471006457816
14.864864864864856 -4.777663444339307 -2.643514455613898 -33.28270255666379
15.045045045045043 -3.91630829981752 -2.3941692170843814 -33.28498666356547
15.225225225225216 -3.1662756825024694 -2.1128304292161646 -33.30073075893307
15.405405405405403 -2.514757072990675 -1.8054690630768142 -33.32847245614385
15.585585585585576 -1.9519492960818607 -1.4806493949279962 -33.36626551511983
15.765765765765764 -1.4702381607252877 -1.1500226311841109 -33.4118534963108
15.945945945945937 -1.0636528400604122 -0.8286034747224714 -33.462848295438995
16.126126126126124 -0.7274915951041244 -0.5345193660646779 -33.51689496029315
16.306306306306297 -0.4580599566555128 -0.2878555008516494 -33.57180985811382
16.486486486486484 -0.2524852740479347 -0.10834234439598062 -33.62568545783346
16.666666666666657 -0.10858491000190029 -0.012076278667497173 -33.676960293953066
16.846846846846844 -0.024773516125741624 -0.0081416847175686 -33.724456377885176
17.027027027027017 -9.643274665532871e-16 -0.09645715959111845 -33.767388349071425
17.207207207207205 -0.033708234496752545 -0.2678560623388759 -33.80534934721534
17.387387387387378 -0.12581798668968827 -0.506361435975963 -33.83827842910348
17.567567567567565 -0.2767244059031181 -0.7925960559983635 -33.8664138166227
17.747747747747738 -0.4873160139744035 -1.107015417401493 -33.89023569931094
17.927927927927925 -0.7590127284593178 -1.4321399646449209 -33.91040193388441
18.108108108108098 -1.093827258308043 -1.7536351835328796 -33.92767985724529
18.288288288288285 -1.4944555272521165 -2.060509595504974 -33.94287751882254
18.46846846846846 -1.9644050069988293 -2.3448064907018713 -33.95677782239014
18.648648648648646 -2.508174612095815 -2.6010913152718027 -33.97007918328753
18.82882882882882 -3.131507170302832 -2.8259183530096195 -33.983346190733634
19.009009009009006 -3.8417472540349036 -3.017364417861655 -33.99697329759401
19.18918918918918 -4.648356597312811 -3.174658099706037 -34.01116370365407
19.369369369369366 -5.563672447265101 -3.297903140990888 -34.02592441416316
19.54954954954954 -6.60405242987866 -3.387882416947977 -34.041077093307585
19.729729729729726 -7.791654894510611 -3.4459260421433013 -34.0562829950146
19.9099099099099 -9.157298383075831 -3.473828055519401 -34.07107914344152
20.090090090090087 -10.745200341150156 -3.4737981744087154 -34.08492220330924
20.27027027027026 -12.620971391624174 -3.448436975014986 -34.09723619174229
20.450450450450447 -14.88449199113354 -3.400724070957849 -34.107460313768925
20.63063063063062 -17.682699366658092 -3.334009360834573 -34.115093657607545
20.810810810810807 -21.141308270396312 -3.2519973907703164 -34.119734131910946
20.99099099099098 -24.524636685741015 -3.1587147210621396 -34.12110973473211
21.171171171171167 -24.416841844275016 -3.0584504824141923 -34.11910091154296
21.35135135135134 -21.569780378532208 -2.9556617947784343 -34.11375332886919
21.531531531531527 -18.99679231008653 -2.854839150813317 -34.105280846814175
21.7117117117117 -17.0808721437488 -2.7603327122588857 -34.09405883889278
21.891891891891888 -15.673015775347212 -2.6761485261098255 -34.080608322897724
22.07207207207206 -14.638523166114455 -2.6057326856490235 -34.065571678404716
22.252252252252248 -13.88861366719402 -2.551769097534011 -34.04968107103059
22.43243243243242 -13.365980163065975 -2.5160198995002743 -34.03372109405345
22.612612612612608 -13.033080791466707 -2.4992344659015937 -34.01848755739972
22.79279279279278 -12.865082409955997 -2.5011430253552414 -34.00474475337938
22.97297297297297 -12.845749175073934 -2.5205364207956684 -33.99318383377333
23.15315315315314 -12.965044349973503 -2.5554185910766396 -33.98438505964505
23.33333333333333 -13.217751358679639 -2.603207261766385 -33.97878656058913
23.5135135135135 -13.602738974975601 -2.660953791435973 -33.9766618254695
23.69369369369369 -14.122668047189485 -2.725555296919998 -33.9781074555161
23.873873873873862 -14.784022219351169 -2.7939391178861084 -33.98304181387016
24.05405405405405 -15.597357565019795 -2.8632085140044685 -33.9912142212154
24.234234234234222 -16.577557294172145 -2.9307466876404247 -34.002223415332836
24.41441441441441 -17.74344628798074 -2.9942822866862455 -34.0155432444264
24.594594594594582 -19.114701105823496 -3.051923044089801 -34.03055309318854
24.77477477477477 -20.699500630112947 -3.10216548317873 -34.04657038509421
24.954954954954943 -22.453381624457336 -3.143888324896004 -34.06288264603839
25.13513513513513 -24.1666268280059 -3.176336053985545 -34.0787769906511
25.315315315315303 -25.302927409081523 -3.1990975662503214 -34.093565417103555
25.49549549549549 -25.25794017116215 -3.2120832676740356 -34.10660488005877
25.675675675675677 -24.179817043040597 -3.2155026042392065 -34.11731167953882
25.85585585585585 -22.733780280815488 -3.209842832351075 -34.1251702034052
26.036036036036037 -21.341439162693504 -3.195848895621787 -34.12973646441346
26.21621621621621 -20.13983050082969 -3.17450353297754 -34.13063717108929
26.396396396396398 -19.147614138622515 -3.1470061871014847 -34.12756527041499
26.57657657657657 -18.349264416228703 -3.114748910632551 -34.12027301215289
26.756756756756758 -17.723372812340948 -3.0792873040373725 -34.10856362421392
26.93693693693693 -17.25070177617162 -3.042304609389504 -34.09228266923672
27.117117117117118 -16.915921452084472 -3.005567484897715 -34.071310085359016
27.29729729729729 -16.707546501530665 -2.970872742139367 -34.045553807438345
27.47747747747748 -16.61747271343962 -2.9399854480879695 -34.01494572546482
27.65765765765765 -16.64052935409526 -2.914570211619295 -33.97944057066419
27.83783783783784 -16.774155531466793 -2.8961190274127313 -33.93901813282719
28.01801801801801 -17.01821457302866 -2.885880480020032 -33.893689010742676
28.1981981981982 -17.37493079224941 -2.884796096921593 -33.843503886760104
28.378378378378372 -17.848914367501834 -2.8934498749448894 -33.78856610052411
28.55855855855856 -18.44720041459148 -2.912036295099597 -33.729047077492055
28.738738738738732 -19.17911987511052 -2.9403504918747196 -33.665203943751536
28.91891891891892 -20.055528472466243 -2.9778018939770217 -33.597398426167395
29.099099099099092 -21.086149776283793 -3.0234500348594606 -33.526115891426905
29.27927927927928 -22.271804204383546 -3.076058849584501 -33.45198311690812
29.459459459459453 -23.583678233926587 -3.134164067142443 -33.37578311545162
29.63963963963964 -24.914938359076473 -3.196147525302388 -33.29846507331074
29.819819819819813 -26.003534146691912 -3.2603123951801223 -33.22114724367385
30.0 -26.443055529720677 -3.324954218870753 -33.14511052952313
30.180180180180173 -26.005043576450007 -3.388424032474453 -33.07178057623235
30.36036036036036 -24.924122354193123 -3.4491813474942274 -33.00269657958564
30.540540540540533 -23.605617206366766 -3.505836134214149 -32.939465797767795
30.72072072072072 -22.308138486899026 -3.55718002757172 -32.883703995932756
30.900900900900893 -21.13622096734774 -3.6022076951481607 -32.83696372440614
31.08108108108108 -20.117434913170413 -3.640129681716497 -32.8006542846244
31.261261261261254 -19.250180383260606 -3.670378135816131 -32.77595917290104
31.44144144144144 -18.524086838583738 -3.692606710797184 -32.76375829615573
31.621621621621614 -17.927634147594514 -3.706685695150277 -32.764562883057884
31.8018018018018 -17.4507347105788 -3.7126931334262485 -32.77847043532526
31.981981981981974 -17.085453454288203 -3.7109024042902234 -32.80514519405698
32.16216216216216 -16.8260870392889 -3.701766467728599 -32.8438266819574
32.342342342342334 -16.669064282410726 -3.68589881005484 -32.89336546926204
32.52252252252252 -16.61284144529134 -3.6640510257962076 -32.95228209434123
32.702702702702695 -16.657857459892213 -3.637086995015104 -33.01884268438078
32.88288288288288 -16.806573820641376 -3.6059537498309355 -33.09114365682931
33.063063063063055 -17.063607562182366 -3.571649370272791 -33.167197996054114
33.24324324324324 -17.435951581224028 -3.5351885876935576 -33.24501675189892
33.423423423423415 -17.93324279172459 -3.497567166827804 -33.32268118185247
33.6036036036036 -18.567940006207554 -3.4597265305903613 -33.39840291098281
33.783783783783775 -19.354988375760346 -3.4225204171224366 -33.47057125306423
33.96396396396396 -20.30973000796914 -3.3866855451324924 -33.53778820196459
34.144144144144136 -21.44050217219749 -3.3528182505236357 -33.59889248397647
34.32432432432432 -22.72619828224752 -3.3213588098664957 -33.652974484474235
34.504504504504496 -24.057001906980503 -3.292584687900538 -33.69938391123215
34.68468468468468 -25.1247381910542 -3.2666132830573984 -33.737731837654536
34.864864864864856 -25.418572806234202 -3.2434139797247057 -33.767888382203836
35.04504504504504 -24.680539410732834 -3.2228285518177167 -33.78997680787027
35.225225225225216 -23.2648460511625 -3.204598300971928 -33.80436433062675
35.4054054054054 -21.662967492594063 -3.188395833370778 -33.81164945678621
35.58558558558558 -20.137713150979888 -3.1738591238225005 -33.812645266890364
35.765765765765764 -18.775212120742875 -3.160625485159426 -33.80835776840626
35.94594594594594 -17.58802288183761 -3.148363221918007 -33.799958294720696
36.126126126126124 -16.565378879450805 -3.13679904547757 -33.78874898030228
36.3063063063063 -15.691600573881374 -3.125739704635353 -33.776120634588416
36.486486486486484 -14.952037757581566 -3.115086691230309 -33.763502896968
36.66666666666666 -14.334669764983053 -3.1048432825708687 -33.75230737480344
36.846846846846844 -13.830295501836112 -3.0951135683320126 -33.743865485620105
37.02702702702702 -13.432332767844473 -3.0860934827167674 -33.739363818526165
37.207207207207205 -13.136576017260023 -3.078054235323138 -33.739780812843954
37.38738738738738 -12.941030470208993 -3.071318918169155 -33.74582920386401
37.567567567567565 -12.845865193193317 -3.0662334639589557 -33.75790880218676
37.74774774774774 -12.853510385092585 -3.0631335276354514 -33.77607362766143
37.927927927927925 -12.968931582252894 -3.0623092259448232 -33.80001621628185
38.1081081081081 -13.200136933784464 -3.0639699480369376 -33.82907021615263
38.28828828828827 -13.55901503802944 -3.0682115864224437 -33.86223047111086
38.46846846846847 -14.062669066488864 -3.074988480644216 -33.89818799884547
38.648648648648646 -14.735521292444897 -3.0840920865952857 -33.93537591164965
38.82882882882882 -15.612608909739013 -3.0951378882899263 -33.972021597521824
39.00900900900899 -16.7445362347743 -3.1075614022215574 -34.0062004218125
39.18918918918919 -18.20346667364117 -3.120623368780487 -34.03588672887758
39.369369369369366 -20.08080335475856 -3.1334234824722578 -34.05899882989649
39.54954954954954 -22.40937695070629 -3.1449213839783945 -34.07343573692208
39.72972972972971 -24.647734403082886 -3.1539632016702006 -34.07710444780278
39.90990990990991 -24.669698828677184 -3.1593117306118583 -34.067937462075044
40.09009009009009 -22.06598485984913 -3.1596783745716457 -34.043900840409684
40.27027027027026 -19.089132898865923 -3.153755216374799 -34.00299349276762
40.45045045045043 -16.532134507762297 -3.1402459660626887 -33.9432385147228
40.630630630630634 -14.40428722107779 -3.117894998647764 -33.86266732785158
40.81081081081081 -12.612376634995995 -3.085514172903055 -33.75929716130968
40.99099099099098 -11.077747098446977 -3.0420075727290694 -33.63110207099516
41.17117117117115 -9.744025028376157 -2.9863947036165257 -33.47597724666316
41.351351351351354 -8.571365257129642 -2.917832994797183 -33.29169580121037
41.53153153153153 -7.531123713555195 -2.8356407001016226 -33.07585653914718
41.7117117117117 -6.602220465258949 -2.7393214589781785 -32.82582029859795
41.89189189189187 -5.7687771895424245 -2.6285918721714157 -32.538631241566314
42.072072072072075 -5.018577655619 -2.5034134518785494 -32.210917747072656
42.25225225225225 -4.342046052220105 -2.3640301922658553 -31.838765039157828
42.43243243243242 -3.731553726840339 -2.211012713670579 -31.417547850832634
42.612612612612594 -3.1809381236456113 -2.0453093673095637 -30.941705414832064
42.792792792792795 -2.6851618511046023 -1.8683037107323144 -30.40443133244398
42.97297297297297 -2.240066349474919 -1.6818762056611838 -29.797234539351255
43.15315315315314 -1.842190789569858 -1.4884656685722863 -29.109299144909432
43.333333333333314 -1.4886368602397844 -1.291122799152159 -28.326519211545815
43.513513513513516 -1.1769664496935563 -1.0935440928173479 -27.429985703917723
43.69369369369369 -0.90512332774596 -0.9000700808358281 -26.39350236585047
43.87387387387386 -0.6713726400763838 -0.7156282598935653 -25.179270391274923
44.054054054054035 -0.47425384249418423 -0.5456002291598985 -23.729841119732768
44.234234234234236 -0.31254394681109665 -0.39559707798934884 -21.951659983822083
44.41441441441441 -0.18522881672436114 -0.2711394291090396 -19.676921122354333
44.59459459459458 -0.09148086753380467 -0.17725936174933096 -16.55758483997076
44.774774774774755 -0.03064196916375836 -0.11806744654154232 -11.674955215579919
44.95495495495496 -0.0022106820083599033 -0.09635121306311528 -1.8898271584494117
45.13513513513513 -0.005833206341104473 -0.11328062194553981 -7.698989087753045
45.3153153153153 -0.04129762408335581 -0.1682832305987293 -14.401588845180706
45.495495495495476 -0.10853117519221396 -0.25911719166655295 -18.20097618419545
45.67567567567568 -0.20760045400122523 -0.38212517933529094 -20.819247211019103
45.85585585585585 -0.3387145452414675 -0.532613642349754 -22.801490703043807
46.03603603603602 -0.5022312558886981 -0.7052828148230013 -24.384516176754673
46.216216216216196 -0.6986667484239845 -0.8946369909250855 -25.69211161929191
46.3963963963964 -0.9287090562257284 -1.0953251458159565 -26.79705317965437
46.57657657657657 -1.1932361786283476 -1.3023881968050433 -27.745751905998617
46.756756756756744 -1.4933397333191156 -1.511411869891105 -28.56962941170694
46.93693693693692 -1.8303555178557152 -1.7185987509636689 -29.290960380566634
47.11711711711712 -2.2059028451348057 -1.920779460330788 -29.92612459989997
47.29729729729729 -2.6219352373596405 -2.1153831773759877 -30.487534661870626
47.477477477477464 -3.080806093926218 -2.3003846631380838 -30.984838106787286
47.65765765765764 -3.5853544555695906 -2.4742406506488797 -31.425699194420478
47.83783783783784 -4.139018236478485 -2.635824327071849 -31.816325622331256
48.01801801801801 -4.745985729116656 -2.784363233195817 -32.16183439185344
48.198198198198185 -5.411401554022987 -2.919383405348152 -32.46651284085051
48.378378378378386 -6.141651845288257 -3.0406608942332722 -32.73400939576622
48.55855855855856 -6.944767717399705 -3.1481807388210785 -32.96747603659048
48.73873873873873 -7.8310104372554985 -3.242102869816739 -33.169676860249254
48.918918918918905 -8.813745022118665 -3.3227341145065665 -33.343072373328525
49.09909909909911 -9.9107892706515 -3.3905053592539343 -33.48988608793245
49.27927927927928 -11.146581642749032 -3.4459529189660127 -33.6121579751961
49.45945945945945 -12.555833786333485 -3.4897032134645665 -33.711787961366525
49.639639639639626 -14.190041430761823 -3.522459927946554 -33.7905716967837
49.81981981981983 -16.12988831964319 -3.544992921486025 -33.85023014345715
50.0 -18.510663248412595 -3.558128235750455 -33.89243402112248
50.18018018018017 -21.57679002997034 -3.5627386434371004 -33.91882376725397
50.360360360360346 -25.7654681249822 -3.5597342633893096 -33.93102536806474
50.54054054054055 -30.797967431452996 -3.5500528596154335 -33.93066218473074
50.72072072072072 -29.44398209689943 -3.5346495375978693 -33.91936272260805
50.90090090090089 -24.952448946897526 -3.5144856558142257 -33.8987641700486
51.08108108108107 -21.7725337544529 -3.490516884259253 -33.870511472652424
51.26126126126127 -19.53208431531873 -3.463680463692218 -33.8362517173471
51.44144144144144 -17.871024984344487 -3.4348818453629586 -33.79762368841492
51.621621621621614 -16.594956603796042 -3.40498101426028 -33.75624263156005
51.80180180180179 -15.593686722600173 -3.3747789101415666 -33.71368052214795
51.98198198198199 -14.80003800202865 -3.3450044488029884 -33.67144246786887
52.16216216216216 -14.170505485909635 -3.3163027001564425 -33.630940256888955
52.342342342342334 -13.67556777547762 -3.2892247903217227 -33.593464446182416
52.52252252252251 -13.294476992497174 -3.2642200563973884 -33.56015671374594
52.70270270270271 -13.012279908241549 -3.2416308943784022 -33.53198440952601
52.88288288288288 -12.818026990247182 -3.2216906085057913 -33.509719276147756
53.063063063063055 -12.703652076202498 -3.204524405758394 -33.49392213525417
53.24324324324323 -12.663250898334244 -3.1901534984218847 -33.484934944337446
53.42342342342343 -12.692608625777451 -3.178502099203608 -33.48288105691577
53.6036036036036 -12.788890687105441 -3.169406935250543 -33.48767383589185
53.783783783783775 -12.950446682920859 -3.162628784572055 -33.49903306901558
53.96396396396395 -13.176698057559035 -3.157865460488453 -33.516508013517026
54.14414414414415 -13.468093310394387 -3.1547656403601825 -33.5395054347688
54.32432432432432 -13.82612358893886 -3.1529429515034835 -33.56732074999712
54.504504504504496 -14.253398644059146 -3.1519897824536125 -33.59917035269172
54.68468468468467 -14.753789681928664 -3.1514903710172666 -33.63422335091275
54.86486486486487 -15.332652497880826 -3.1510328200463666 -33.67163125239061
55.04504504504504 -15.997151776724706 -3.150219796260668 -33.71055450910688
55.225225225225216 -16.756714601488348 -3.148677767232745 -33.75018523380403
55.40540540540539 -17.62364275987101 -3.146064719831501 -33.789765771963765
55.58558558558559 -18.613890190992567 -3.1420763757161243 -33.82860312282196
55.765765765765764 -19.74789882422551 -3.136450974091078 -33.866079436148404
55.94594594594594 -21.050962858925804 -3.1289727291017555 -33.901658965901234
56.12612612612611 -22.551097521928444 -3.1194740906323566 -33.93489194531274
56.30630630630631 -24.267190030679867 -3.107836945389717 -33.96541587378847
56.486486486486484 -26.16319678525563 -3.0939928929261455 -33.992954689421936
56.66666666666666 -28.00617222306282 -3.077922721592145 -34.01731625654542
56.84684684684683 -29.138446850915365 -3.059655195011219 -34.03838853808341
57.02702702702703 -28.84587662792093 -3.0392652428693543 -34.05613475740587
57.207207207207205 -27.440328286011088 -3.016871632536195 -34.07058779105271
57.38738738738738 -25.73133561705088 -2.9926341818027815 -34.081843976899656
57.56756756756755 -24.130437459935052 -2.966750558980843 -34.090056474912785
57.74774774774775 -22.73890785719992 -2.9394527055841357 -34.095428280982986
57.927927927927925 -21.553503419191227 -2.9110029093484453 -34.098204968761564
58.1081081081081 -20.547271041644372 -2.881689551740298 -34.098667219491865
58.28828828828827 -19.692440594327433 -2.8518225544286917 -34.09712319455116
58.46846846846847 -18.965600131483438 -2.8217285533039718 -34.093900808370265
58.648648648648646 -18.3480636202001 -2.791745836161402 -34.089339968837905
58.82882882882882 -17.825127026889003 -2.7622190905408535 -34.08378486620669
59.00900900900899 -17.385220370706087 -2.7334940206261704 -34.077576407672375
59.18918918918919 -17.019195993074415 -2.7059119055530134 -34.07104491085355
59.369369369369366 -16.719780003330744 -2.679804184777908 -34.06450318300854
59.54954954954954 -16.481161485523085 -2.655487168041839 -34.05824012180067
59.72972972972971 -16.298687435771324 -2.6332569766128344 -34.05251497590784
59.90990990990991 -16.168636340950286 -2.6133848276932086 -34.047552398436935
60.09009009009009 -16.08804986384724 -2.5961127741109475 -34.043538412302524
60.27027027027026 -16.054607693103556 -2.5816500059875693 -34.04061738461258
60.45045045045043 -16.06653486045919 -2.5701698097169428 -34.038890077648475
60.630630630630634 -16.12253391346173 -2.5618072625201593 -34.03841280896833
60.81081081081081 -16.221736540294234 -2.556657718786714 -34.03919771483845
60.99099099099098 -16.363670814170465 -2.554776118563342 -34.04121407230059
61.17117117117115 -16.548241330078582 -2.5561771204677477 -34.04439059847477
61.351351351351354 -16.77572025380753 -2.560836032768406 -34.04861861371361
61.53153153153153 -17.046747737569056 -2.5686904892159026 -34.053755930008506
61.7117117117117 -17.362340254509803 -2.5796427921399263 -34.05963130897062
61.89189189189187 -17.723905047158137 -2.5935628257499217 -34.06604932536597
62.072072072072075 -18.13325779825191 -2.6102914284974297 -34.0727954724056
62.25225225225225 -18.592638264671418 -2.629644105289788 -34.0796413529388
62.43243243243242 -19.104713895225206 -2.651414958314037 -34.086349815017364
62.612612612612594 -19.672552318517827 -2.6753807188124905 -34.09267990932672
62.792792792792795 -20.299526072694903 -2.7013047705620603 -34.09839156793082
62.97297297297297 -20.98907947082487 -2.7289410680153106 -34.10324992693256
63.15315315315314 -21.744223844577842 -2.7580378669029857 -34.10702923848863
63.333333333333314 -22.56650844565908 -2.788341201407361 -34.10951633890797
63.513513513513516 -23.45400208742813 -2.819598058711428 -34.11051365841095
63.69369369369369 -24.39748589710586 -2.8515592178866283 -34.10984177396934
63.87387387387386 -25.37370554954189 -2.8839817349767727 -34.10734151922999
64.05405405405403 -26.334858861885063 -2.9166310692567188 -34.102875674842544
64.23423423423424 -27.19679553256072 -2.9492828566890514 -34.096330268757455
64.41441441441441 -27.83824554152482 -2.9817243454483915 -34.08761551955766
64.59459459459458 -28.134042644935565 -3.0137555150638455 -34.07666645704271
64.77477477477476 -28.023752181191046 -3.0451899053870957 -34.063443253535986
64.95495495495496 -27.555333891604626 -3.0758551844489475 -34.04793129717211
65.13513513513513 -26.84969121521155 -3.1055934855837206 -34.03014103515881
65.3153153153153 -26.030753014284087 -3.134261544259424 -34.010107611069586
65.49549549549548 -25.187054546670744 -3.161730664128225 -33.98789031594199
65.67567567567568 -24.369709370573354 -3.1878865401610885 -33.96357186861564
65.85585585585585 -23.603807049754685 -3.2126289645808996 -33.9372575365836
66.03603603603602 -22.899327726274965 -3.2358714388519383 -33.90907410485294
66.2162162162162 -22.258316758874695 -3.2575407123789137 -33.87916869708243
66.3963963963964 -21.67897427186218 -3.277576265940833 -33.847707450724954
66.57657657657657 -21.157833228043717 -3.295929755327211 -33.81487404616331
66.75675675675674 -20.69087205825094 -3.312564428224694 -33.78086808897744
66.93693693693692 -20.274060140644604 -3.3274545251651726 -33.745903344582985
67.11711711711712 -19.903608322594675 -3.340584673319617 -33.71020582557035
67.29729729729729 -19.57606873515464 -3.3519492801168798 -33.67401173415487
67.47747747747746 -19.28835942850238 -3.3615519320856784 -33.637565265186666
67.65765765765764 -19.037753135976377 -3.369404802955025 -33.601116279088416
67.83783783783784 -18.821850475365423 -3.3755280738913007 -33.56491785876106
68.01801801801801 -18.638547926060582 -3.37994936778548 -33.529223769745435
68.19819819819818 -18.486005685060157 -3.3827031987134797 -33.494285848516945
68.37837837837836 -18.362617762967595 -3.383830437060232 -33.460351349440664
68.55855855855856 -18.26698525966029 -3.3833777903056883 -33.427660286301496
68.73873873873873 -18.19789303927825 -3.3813972991021894 -33.396442809098765
68.9189189189189 -18.154289676540692 -3.3779458480117466 -33.36691666060021
69.09909909909908 -18.135270394836205 -3.3730846901042955 -33.339284759646596
69.27927927927928 -18.140062666210575 -3.3668789845302887 -33.313732959089876
69.45945945945945 -18.16801414302713 -3.359397346161486 -33.290428025311456
69.63963963963963 -18.21858261307266 -3.350711406431009 -33.26951588337518
69.8198198198198 -18.29132769928583 -3.3408953845878573 -33.251120167012004
70.0 -18.385904053944145 -3.3300256687035725 -33.23534110592645
70.18018018018017 -18.50205582042165 -3.3181804059203164 -33.22225477460111
70.36036036036035 -18.639612150404286 -3.3054391016039553 -33.21191271721613
70.54054054054052 -18.798483568037614 -3.2918822272545922 -33.20434195294559
70.72072072072072 -18.978658961725795 -3.2775908372250706 -33.19954535525693
70.9009009009009 -19.18020295485409 -3.262646194497734 -33.19750238845665
71.08108108108107 -19.403253352216158 -3.2471294059667013 -33.19817017511224
71.26126126126124 -19.64801826998214 -3.2311210678610722 -33.201484859595205
71.44144144144144 -19.914772419731445 -3.214700922118476 -33.20736322620141
71.62162162162161 -20.203851810875328 -3.1979475246746043 -33.215704525367336
71.80180180180179 -20.515645830669488 -3.180937926767239 -33.22639245854369
71.98198198198199 -20.850585213183255 -3.1637473704605252 -33.23929727131378
72.16216216216216 -21.209123754890275 -3.146448999672664 -33.25427790524046
72.34234234234233 -21.591710685248287 -3.129113588035595 -33.27118416148377
72.52252252252251 -21.998749231417577 -3.111809284927624 -33.28985883317027
72.70270270270271 -22.430534962606057 -3.094601380996777 -33.3101397684904
72.88288288288288 -22.887164761613 -3.0775520944355965 -33.33186183221108
73.06306306306305 -23.36840355033943 -3.0607203791762965 -33.35485873938362
73.24324324324323 -23.873491108927478 -3.0441617560513357 -33.37896474119767
73.42342342342343 -24.40086579501201 -3.0279281678101344 -33.40401614891724
73.6036036036036 -24.947777058254896 -3.012067858701821 -33.42985268742499
73.78378378378378 -25.509758059924216 -2.996625279129744 -33.45631867493864
73.96396396396395 -26.07994171025362 -2.9816410156610686 -33.483264029847426
74.14414414414415 -26.648243724138702 -2.9671517464387973 -33.51054510929285
74.32432432432432 -27.200528894520456 -2.9531902217995887 -33.53802538707632
74.5045045045045 -27.718044387873817 -2.9397852696541635 -33.56557598073944
74.68468468468467 -28.1776308353774 -2.9269618249433647 -33.59307603927954
74.86486486486487 -28.55338029220437 -2.9147409822477894 -33.62041300400045
75.04504504504504 -28.820206856782505 -2.9031400704069394 -33.64748275553226
75.22522522522522 -28.95893598170439 -2.8921727478000565 -33.674189660165204
75.40540540540539 -28.96122010540315 -2.881849116759221 -33.700446528412115
75.58558558558559 -28.83192417226902 -2.872175855428471 -33.72617449821619
75.76576576576576 -28.587648007705063 -2.8631563652549694 -33.75130285452589
75.94594594594594 -28.252224056511675 -2.8547909321989144 -33.775768796127124
76.12612612612611 -27.851465574734696 -2.8470768996814213 -33.79951715970652
76.30630630630631 -27.409135010861313 -2.8400088512522896 -33.82250011016174
76.48648648648648 -26.944834857788624 -2.833578800952459 -33.84467680521042
76.66666666666666 -26.47350147525517 -2.82777638936823 -33.86601304140444
76.84684684684683 -26.00583525953546 -2.8225890834228773 -33.886480887752406
77.02702702702703 -25.549102247547918 -2.8180023780249304 -33.90605831230258
77.2072072072072 -25.107970373434934 -2.8139999977872208 -33.924728806252496
77.38738738738738 -24.68523019570512 -2.810564097144443 -33.94248100943339
77.56756756756755 -24.282359511372754 -2.807675457325665 -33.95930834036972
77.74774774774775 -23.899942009766146 -2.805313678778656 -33.97520863353766
77.92792792792793 -23.53796731016662 -2.8034573677919363 -33.9901837859359
78.1081081081081 -23.196041246210353 -2.8020843162145277 -34.00423941463708
78.28828828828827 -22.87353094137799 -2.8011716733294216 -34.017384526602214
78.46846846846847 -22.569663649272616 -2.800696109092604 -34.02963120170905
78.64864864864865 -22.283593303135515 -2.800633968101463 -34.040994289663715
78.82882882882882 -22.01444473117749 -2.8009614138035173 -34.05149112122743
79.00900900900899 -21.761342527418034 -2.8016545625959246 -34.06114123399203
79.1891891891892 -21.52342943642015 -2.802689607597175 -34.069966112773955
79.36936936936937 -21.29987760958729 -2.8040429319933198 -34.07798894456285
79.54954954954954 -21.089895046040933 -2.8056912119714568 -34.0852343878526
79.72972972972971 -20.892728808381214 -2.8076115093520535 -34.09172835609704
79.90990990990991 -20.707666105165185 -2.809781354119205 -34.09749781496498
80.09009009009009 -20.534033988467982 -2.8121788171240376 -34.10257059301801
80.27027027027026 -20.371198178218066 -2.814782573301052 -34.106975205396125
80.45045045045043 -20.21856136179684 -2.817571955790897 -34.11074069006845
80.63063063063063 -20.075561204797832 -2.8205270014066612 -34.11389645618799
80.8108108108108 -19.941668231116992 -2.823628487914242 -34.11647214407743
80.99099099099098 -19.81638367692017 -2.826857963622142 -34.11849749636734
81.17117117117115 -19.699237386078728 -2.830197769792285 -34.120002239806745
81.35135135135135 -19.58978578927775 -2.8336310563927274 -34.12101597726804
81.53153153153153 -19.48760999163625 -2.837141791715178 -34.121568089473016
81.7117117117117 -19.392313981901353 -2.8407147663772525 -34.12168764597352
81.89189189189187 -19.303522968374516 -2.8443355922207165 -34.121403324928316
82.07207207207207 -19.220881841523795 -2.847990696604569 -34.1207433412268
82.25225225225225 -19.144053759894696 -2.851667312575633 -34.119735382520105
82.43243243243242 -19.0727188538798 -2.8553534653803414 -34.1184065527301
82.6126126126126 -19.00657304073978 -2.8590379557602743 -34.11678332261721
82.7927927927928 -18.945326943696962 -2.8627103404510015 -34.11489148699835
82.97297297297297 -18.888704907752732 -2.8663609102798366 -34.11275612821677
83.15315315315314 -18.836444104972372 -2.869980666233082 -34.11040158547567
83.33333333333331 -18.78829372223838 -2.873561293838436 -34.10785142965786
83.51351351351352 -18.744014224827794 -2.877095136182635 -34.1051284432639
83.69369369369369 -18.70337668957784 -2.8805751658598657 -34.10225460511085
83.87387387387386 -18.66616220183395 -2.8839949561216476 -34.09925107944399
84.05405405405403 -18.632161310804307 -2.8873486514753566 -34.09613820912369
84.23423423423424 -18.601173538364833 -2.890630937955594 -34.092935512559315
84.41441441441441 -18.573006936754435 -2.893837013270609 -34.08966168407215
84.59459459459458 -18.547477690976038 -2.8969625570052724 -34.08633459737893
84.77477477477476 -18.52440976206173 -2.9000037010422957 -34.08297131189771
84.95495495495496 -18.503634567680162 -2.9029570003449527 -34.07958808158779
85.13513513513513 -18.484990696853366 -2.9058194042272016 -34.07620036604526
85.3153153153153 -18.468323655815027 -2.9085882282211766 -34.07282284358622
85.49549549549548 -18.453485642281514 -2.9112611266370294 -34.069469426059555
85.67567567567568 -18.440335345623563 -2.9138360658965325 -34.06615327514189
85.85585585585585 -18.428737770623965 -2.9163112987094246 -34.06288681987729
86.03603603603602 -18.418564082682273 -2.918685339150046 -34.05968177523502
86.2162162162162 -18.40969147248981 -2.9209569386816394 -34.05654916146882
86.3963963963964 -18.402003038343175 -2.923125063166483 -34.053499324071964
86.57657657657657 -18.39538768439711 -2.9251888708917577 -34.05054195413234
86.75675675675674 -18.389740033278834 -2.927147691633895 -34.04768610890275
86.93693693693692 -18.384960351596355 -2.9290010067776477 -34.04494023241127
87.11711711711712 -18.380954486975792 -2.9307484305006697 -34.0423121759475
87.29729729729729 -18.377633815357505 -2.932389692029622 -34.03980921826996
87.47747747747746 -18.374915197368637 -2.9339246189696775 -34.03743808539038
87.65765765765764 -18.372720942673354 -2.9353531217060786 -34.035204969800105
87.83783783783784 -18.370978781280026 -2.9366751788734953 -34.0331155490138
88.01801801801801 -18.369621840860084 -2.9378908238869155 -34.03117500331459
88.19819819819818 -18.36858862920458 -2.9390001325259196 -34.02938803259468
88.37837837837836 -18.367823021014626 -2.9400032115632446 -34.02775887219397
88.55855855855856 -18.36727424828924 -2.940900188427627 -34.02629130764809
88.73873873873873 -18.36689689364068 -2.9416912018905705 -34.024988688266234
88.9189189189189 -18.366650885932426 -2.9423763937667884 -34.02385393946707
89.09909909909908 -18.36650149769965 -2.942955901618144 -34.022889573809366
89.27927927927928 -18.366419343876082 -2.9434298524517195 -34.022097700662115
89.45945945945945 -18.36638038141463 -2.943798357403254 -34.02148003446639
89.63963963963963 -18.366365909452885 -2.9440615073982883 -34.02103790154901
89.8198198198198 -18.366362569738097 -2.9442193697845314 -34.02077224545552
90.0 -18.366362347089296 -2.944271985930196 -34.02068363077741
