Angle Bartlett MVDR MUSIC
-90.0 -21.37402237739526 -24.01952719059867 -30.409896519563567
-89.81981981981981 -21.374560909117694 -24.019535517866537 -30.40989213061867
-89.63963963963964 -21.37618022007722 -24.01956049119416 -30.40987877499446
-89.45945945945945 -21.378891454919962 -24.01960208505916 -30.40985588670591
-89.27927927927928 -21.382713178892416 -24.019660256609782 -30.409822523728295
-89.09909909909909 -21.387671363873256 -24.019734945194273 -30.409777369940308
-88.91891891891892 -21.393799368363275 -24.019826071704205 -30.409718737879725
-88.73873873873873 -21.401137910964955 -24.01993353773401 -30.40964457234669
-88.55855855855856 -21.40973503672486 -24.020057224559764 -30.409552454899437
-88.37837837837837 -21.419646075535262 -24.020196991941045 -30.409439609296882
-88.1981981981982 -21.430933591593263 -24.020352676750733 -30.409302907951755
-88.01801801801801 -21.44366732268346 -24.02052409143856 -30.409138879466852
-87.83783783783784 -21.457924107786436 -24.020711022335526 -30.408943717335767
-87.65765765765765 -21.473787801197297 -24.02091322780757 -30.40871328989727
-87.47747747747748 -21.491349170977678 -24.021130436268535 -30.408443151640434
-87.29729729729729 -21.510705779122432 -24.021362344064052 -30.40812855596432
-87.11711711711712 -21.531961840311723 -24.02160861324007 -30.40776446950251
-86.93693693693693 -21.555228055505285 -24.02186886921186 -30.40734558812803
-86.75675675675676 -21.580621415910763 -24.022142698351768 -30.40686635475895
-86.57657657657657 -21.608264971989115 -24.02242964551673 -30.406320979088246
-86.3963963963964 -21.638287561138426 -24.022729211539566 -30.40570345936395
-86.21621621621621 -21.670823486468276 -24.023040850711176 -30.4050076063464
-86.03603603603604 -21.70601213763082 -24.023363968284674 -30.40422706956909
-85.85585585585585 -21.743997542946264 -24.023697918035943 -30.403355366027117
-85.67567567567568 -21.78492784001734 -24.02404199991966 -30.402385911413347
-85.49549549549549 -21.82895464960862 -24.024395457863985 -30.401312054016095
-85.31531531531532 -21.87623233470368 -24.024757477752082 -30.400127111383682
-85.13513513513513 -21.926917123284895 -24.025127185643424 -30.398824409850135
-84.95495495495496 -21.981166069416396 -24.02550364629311 -30.397397327002462
-84.77477477477477 -22.039135822577265 -24.02588586203276 -30.395839337153067
-84.5945945945946 -22.10098116978503 -24.026272772082038 -30.394144059860434
-84.41441441441441 -22.166853308795368 -24.026663252365104 -30.392305311517305
-84.23423423423424 -22.236897803478193 -24.027056115912035 -30.390317159997878
-84.05405405405405 -22.311252164292235 -24.02745011393009 -30.388173982322893
-83.87387387387388 -22.39004298760956 -24.02784393763486 -30.385870525265254
-83.69369369369369 -22.473382577524518 -24.02823622093553 -30.383401968776766
-83.51351351351352 -22.56136496291667 -24.028625544072458 -30.380763992069937
-83.33333333333333 -22.654061211256852 -24.029010438307843 -30.37795284213656
-83.15315315315316 -22.751513929614408 -24.029389391772416 -30.37496540442668
-82.97297297297297 -22.8537308335316 -24.029760856571198 -30.371799275348017
-82.7927927927928 -22.9606772574804 -24.030123257250473 -30.368452836175916
-82.61261261261261 -23.072267478836693 -24.030475000724735 -30.36492532788828
-82.43243243243244 -23.18835473407761 -24.030814487757265 -30.361216926358292
-82.25225225225225 -23.308719825912625 -24.031140126079677 -30.3573288172501
-82.07207207207207 -23.43305825967477 -24.031450345225064 -30.35326326987017
-81.89189189189189 -23.560965914752177 -24.031743613134804 -30.349023709129163
-81.71171171171171 -23.691923362469897 -24.03201845458095 -30.344614784667712
-81.53153153153153 -23.82527909765028 -24.032273471423984 -30.340042436094915
-81.35135135135135 -23.960232169957738 -24.032507364698596 -30.335313953181846
-81.17117117117117 -24.09581499463642 -24.032718958488644 -30.330438029746563
-80.990990990991 -24.230877496803913 -24.032907225515356 -30.325424809862398
-80.8108108108108 -24.364074194412094 -24.033071314320296 -30.32028592492191
-80.63063063063063 -24.49385632789489 -24.03321057787664 -30.315034519996402
-80.45045045045045 -24.618471644750937 -24.033324603408044 -30.30968526784905
-80.27027027027027 -24.73597484961722 -24.033413243134806 -30.304254368892618
-80.09009009009009 -24.844251893397082 -24.033476645601333 -30.298759535333875
-79.90990990990991 -24.941061017781657 -24.033515287168225 -30.293219957721554
-79.72972972972973 -25.024092601588737 -24.033530003176335 -30.287656252117685
-79.54954954954955 -25.091048225140533 -24.033522018210427 -30.282090386148504
-79.36936936936937 -25.139736958610875 -24.033492974806776 -30.27654558226702
-79.1891891891892 -25.16818388742925 -24.033444959864262 -30.271046196679517
-79.009009009009 -25.17474278273579 -24.033380527932895 -30.265617572558533
-78.82882882882883 -25.158202318502045 -24.03330272047027 -30.260285866390625
-78.64864864864865 -25.117874124444132 -24.033215080076392 -30.2550778465919
-78.46846846846847 -25.053651860193646 -24.033121658644106 -30.250020663872718
-78.28828828828829 -24.966033554761445 -24.033027018298835 -30.245141593246487
-78.10810810810811 -24.85610420945857 -24.032936223950585 -30.24046774805717
-77.92792792792793 -24.72548110154566 -24.03285482624773 -30.236025766945588
-77.74774774774775 -24.576229108319026 -24.032788833709123 -30.231841475281193
-77.56756756756756 -24.4107566436743 -24.03274467282422 -30.227939523249905
-77.38738738738739 -24.231703928591465 -24.03272913495322 -30.22434300349947
-77.2072072072072 -24.041834394887097 -24.032749308936904 -30.221073051992384
-77.02702702702703 -23.84393762621989 -24.032812498442162 -30.218148436487255
-76.84684684684684 -23.64074916153511 -24.032926123229686 -30.21558513784687
-76.66666666666667 -23.4348894535348 -24.033097603737605 -30.21339593013561
-76.48648648648648 -23.228821787720907 -24.033334228633603 -30.21158996619925
-76.30630630630631 -23.024827251063908 -24.03364300529975 -30.21017237609421
-76.12612612612612 -22.824993892536483 -24.034030493580318 -30.209143886327617
-75.94594594594595 -22.631216902207196 -24.034502623543524 -30.208500468361066
-75.76576576576576 -22.44520676021488 -24.035064498481095 -30.208233025198062
-75.58558558558559 -22.268502687541574 -24.035720184891233 -30.208327125097966
-75.4054054054054 -22.102489220529105 -24.036472491755077 -30.208762791521107
-75.22522522522523 -21.948414230040502 -24.03732274201588 -30.20951435829799
-75.04504504504504 -21.807407154923176 -24.03827053979313 -30.210550398722233
-74.86486486486487 -21.680496590028547 -24.03931353749772 -30.211833736788968
-74.68468468468468 -21.568626654009254 -24.040447207643943 -30.21332154814024
-74.50450450450451 -21.472671765500028 -24.041664624761403 -30.21496555744399
-74.32432432432432 -21.393449587233203 -24.042956263376205 -30.216712337935114
-74.14414414414415 -21.331731966139532 -24.04430981853504 -30.218503717701264
-73.96396396396396 -21.288253711892843 -24.045710055766246 -30.22027729602064
-73.78378378378379 -21.263719021972534 -24.047138697687057 -30.221967071671422
-73.6036036036036 -21.258805279625584 -24.048574354654157 -30.223504183651208
-73.42342342342343 -21.27416381930938 -24.04999250689555 -30.22481776318386
-73.24324324324324 -21.310417064812604 -24.05136554543613 -30.22583589426036
-73.06306306306307 -21.368151185815563 -24.05266287882138 -30.226486678264205
-72.88288288288288 -21.447903071543056 -24.053851112139636 -30.226699396466547
-72.70270270270271 -21.550139963095468 -24.054894304132397 -30.22640576233036
-72.52252252252252 -21.6752294941222 -24.055754307257246 -30.225541253616704
-72.34234234234233 -21.823397140803618 -24.0563911944249 -30.224046512212794
-72.16216216216216 -21.994667170326245 -24.056763774768932 -30.221868797367367
-71.98198198198199 -22.188782137661796 -24.056830199226283 -30.218963475588602
-71.8018018018018 -22.405094940998293 -24.056548654910927 -30.21529552779731
-71.62162162162161 -22.642426716477438 -24.05587814525852 -30.210841051404337
-71.44144144144144 -22.8988840748289 -24.054779350712717 -30.205588731778974
-71.26126126126127 -23.17163155032268 -24.053215562322418 -30.199541254097767
-71.08108108108108 -23.456621650312528 -24.05115367803394 -30.192716622844074
-70.9009009009009 -23.748298505426988 -24.048565248706268 -30.18514935234064
-70.72072072072072 -24.039315257626306 -24.045427557968164 -30.176891487764617
-70.54054054054055 -24.320341959354096 -24.041724716999255 -30.16801341230249
-70.36036036036036 -24.580085765433623 -24.03744875218711 -30.158604392707673
-70.18018018018017 -24.805680895259844 -24.032600660440345 -30.148772812860564
-70.0 -24.98359520666904 -24.027191403792933 -30.138646043411622
-69.81981981981983 -25.101095708056977 -24.021242811912792 -30.128369895697872
-69.63963963963964 -25.148097696891924 -24.014788358353645 -30.118107610401815
-69.45945945945945 -25.11895922413005 -24.00787377402453 -30.108038336434486
-69.27927927927928 -25.013641990233634 -24.000557459595807 -30.09835506381604
-69.0990990990991 -24.837801486263388 -23.992910657653113 -30.08926198636172
-68.91891891891892 -24.60177139752439 -23.985017345627373 -30.08097128606332
-68.73873873873873 -24.318831664685344 -23.976973812172506 -30.073699351249452
-68.55855855855856 -24.003338099433385 -23.968887883048623 -30.067662464642435
-68.37837837837839 -23.669185779062385 -23.960877768003648 -30.06307202462965
-68.1981981981982 -23.32882146350571 -23.95307050789496 -30.060129392297572
-68.01801801801801 -22.99278868078447 -23.94560001154064 -30.05902048643813
-67.83783783783784 -22.669667302575697 -23.938604684600435 -30.059910276817714
-67.65765765765767 -22.36624758182254 -23.932224668052374 -30.06293735019728
-67.47747747747748 -22.08781014331583 -23.92659872123446 -30.068208741508645
-67.29729729729729 -21.838428534876254 -23.9218608033987 -30.075795231983825
-67.11711711711712 -21.621249255277732 -23.91813642745548 -30.08572731509438
-66.93693693693695 -21.43873001252558 -23.915538879001627 -30.097992018796663
-66.75675675675676 -21.29283174035342 -23.914165411554777 -30.112530748642676
-66.57657657657657 -21.185166965813757 -23.914093543766768 -30.129238281714077
-66.3963963963964 -21.117109493997354 -23.915377594858548 -30.14796299803055
-66.21621621621622 -21.089870122469428 -23.918045599336853 -30.1685083869322
-66.03603603603604 -21.10454139919228 -23.922096740227804 -30.190635814406757
-65.85585585585585 -21.162111827101388 -23.927499431023147 -30.21406848712037
-65.67567567567568 -21.263446490567226 -23.934190160238693 -30.238496503512643
-65.4954954954955 -21.409226629363303 -23.942073189475636 -30.263582844641444
-65.31531531531532 -21.599834810267296 -23.951021167270163 -30.28897012952813
-65.13513513513513 -21.835164570172864 -23.960876688425337 -30.31428794250679
-64.95495495495496 -22.114323487383764 -23.971454793889375 -30.339160533377715
-64.77477477477478 -22.435187356079776 -23.98254637166827 -30.363214693877048
-64.5945945945946 -22.793754127211816 -23.993922386752423 -30.386087624210766
-64.41441441441441 -23.183249859807088 -24.005338839322953 -30.407434618791903
-64.23423423423424 -23.592978672365497 -24.016542326854832 -30.42693641832164
-64.05405405405406 -24.007028452348745 -24.02727606785886 -30.444306093533484
-63.873873873873876 -24.403201932698828 -24.037286233015863 -30.45929534218951
-63.693693693693696 -24.752953744607204 -24.046328422921093 -30.47170009372016
-63.513513513513516 -25.023493098739422 -24.05417412970106 -30.481365324318965
-63.333333333333336 -25.182992628958143 -24.060617021240844 -30.488188989138273
-63.153153153153156 -25.208329951999445 -24.06547889042409 -30.49212497800991
-62.972972972972975 -25.092333800334536 -24.068615116500528 -30.493184998091586
-62.792792792792795 -24.846426816888272 -24.06991949059188 -30.491439282955724
-62.612612612612615 -24.496944514432503 -24.06932826199176 -30.48701602544654
-62.432432432432435 -24.077504607443455 -24.06682326641182 -30.480099434174598
-62.252252252252255 -23.62157246387625 -24.062434002379213 -30.470926324134812
-62.072072072072075 -23.15783193319305 -24.056238528912182 -30.459781173967052
-61.891891891891895 -22.7085645489097 -24.048363068247227 -30.44698961878346
-61.711711711711715 -22.289979310301113 -24.038980214023844 -30.432910400319173
-61.531531531531535 -21.913378159750692 -24.02830567038383 -30.417925865999337
-61.351351351351354 -21.58645592313998 -24.016593483187517 -30.402431193854923
-61.171171171171174 -21.314422072430716 -24.004129772690348 -30.386822617005784
-60.990990990990994 -21.10086092650654 -23.99122503820116 -30.37148502280946
-60.81081081081081 -20.94834751025029 -23.97820517854656 -30.35677939828508
-60.630630630630634 -20.858865521425948 -23.965401454708406 -30.343030673688265
-60.45045045045045 -20.83407129432882 -23.953139707687466 -30.33051656812419
-60.270270270270274 -20.87543321730262 -23.941729228237186 -30.319458053921757
-60.09009009009009 -20.984257278779065 -23.9314517466932 -30.31001202226748
-59.90990990990991 -21.161587239830183 -23.922551061016065 -30.302266648228688
-59.729729729729726 -21.40793989256634 -23.915223840217614 -30.29623982166192
-59.54954954954955 -21.722797741448407 -23.909612121452383 -30.291880840647615
-59.369369369369366 -22.103729533929783 -23.905797958636946 -30.289075370281665
-59.18918918918919 -22.54494705977074 -23.903800579528102 -30.287653469411357
-59.009009009009006 -23.035065955159318 -23.903576272784193 -30.28740029937665
-58.82882882882883 -23.553927349822086 -23.90502106727036 -30.288068968071418
-58.648648648648646 -24.06882407492826 -23.90797609665142 -30.289394841430635
-58.46846846846847 -24.53179220138905 -23.91223537840979 -30.291110578980096
-58.288288288288285 -24.88182702815717 -23.91755559227496 -30.29296112091064
-58.10810810810811 -25.056916282966913 -23.923667330308756 -30.294717867160934
-57.92792792792793 -25.01570246857376 -23.930287217044825 -30.29619133720523
-57.74774774774775 -24.756852217465468 -23.937130265917656 -30.297241674766248
-57.56756756756757 -24.32006145664719 -23.94392184615384 -30.297786457614443
-57.38738738738739 -23.76777455557809 -23.950408677404074 -30.297805384368807
-57.20720720720721 -23.163090171897803 -23.956368340792153 -30.29734153596646
-57.02702702702703 -22.556750059860885 -23.96161688736255 -30.296499049828235
-56.84684684684685 -21.98426368402255 -23.96601423139542 -30.295437201566855
-56.66666666666667 -21.4684009889117 -23.96946713135425 -30.29436106366376
-56.48648648648649 -21.023000324258433 -23.971929681465525 -30.293509101549127
-56.30630630630631 -20.656264270739676 -23.973401359380162 -30.293138269039957
-56.12612612612613 -20.373123578566172 -23.973922797749232 -30.29350736532262
-55.94594594594595 -20.17679023575035 -23.9735695671422 -30.29485959677395
-55.76576576576577 -20.069728964970693 -23.97244437058985 -30.297405426441337
-55.58558558558559 -20.054236553044337 -23.97066815044611 -30.30130686792427
-55.4054054054054 -20.132746874708843 -23.968370688759375 -30.306664367519524
-55.22522522522522 -20.30790713043935 -23.965681334226293 -30.313507305323334
-55.04504504504504 -20.582393203360184 -23.962720503265725 -30.321788930958967
-54.86486486486486 -20.958327598527354 -23.959592572424313 -30.33138624531997
-54.68468468468468 -21.4359958446136 -23.956380699937142 -30.342104972361117
-54.5045045045045 -22.01127816225377 -23.953143986089323 -30.353689370633397
-54.32432432432432 -22.670805286452467 -23.949917210718 -30.365836253032256
-54.14414414414414 -23.38354154149887 -23.94671318279699 -30.378212252385282
-53.96396396396396 -24.08848772115884 -23.94352751703981 -30.390473118634105
-53.78378378378378 -24.68381599300208 -23.940345434079667 -30.402283676875467
-53.6036036036036 -25.03584287182089 -23.93714998295917 -30.41333701827018
-53.42342342342342 -25.03103906092097 -23.93393092498746 -30.423371531601802
-53.24324324324324 -24.649601031915015 -23.93069341124604 -30.432184500181997
-53.06306306306306 -23.981200777866086 -23.92746554320096 -30.439641174064214
-52.88288288288288 -23.162332057262777 -23.92430393416912 -30.445678471189016
-52.7027027027027 -22.310409100392363 -23.92129649222024 -30.450302757651556
-52.52252252252252 -21.501639102783653 -23.91856182225681 -30.453581504712265
-52.34234234234234 -20.777919570863904 -23.916244892253644 -30.455629016387334
-52.16216216216216 -20.1598273026702 -23.914508916625493 -30.45658685920663
-51.98198198198198 -19.656571813045133 -23.913523762456972 -30.45660008723337
-51.8018018018018 -19.272039290461237 -23.913451557777034 -30.455790808662012
-51.62162162162162 -19.008149044190436 -23.91443054243974 -30.454231038758167
-51.44144144144144 -18.86666804486513 -23.91655851148169 -30.451917071376123
-51.26126126126126 -18.850202241290496 -23.919877414825027 -30.44874772169817
-51.08108108108108 -18.962748133637398 -23.924360755965882 -30.444508703484615
-50.9009009009009 -19.209960806333306 -23.929905347312648 -30.43886508896979
-50.72072072072072 -19.599098759654684 -23.936328721587312 -30.43136327806383
-50.54054054054054 -20.138324702966987 -23.943373081343235 -30.421443231209167
-50.36036036036036 -20.834461026035385 -23.95071612985982 -30.40846097910936
-50.18018018018018 -21.68697473141215 -23.957988521878086 -30.391720703355777
-50.0 -22.673161364768436 -23.964797064849463 -30.370515062886764
-49.81981981981982 -23.71559569381263 -23.97075224935678 -30.34417196904343
-49.63963963963964 -24.629075140127803 -23.975498235759353 -30.312105691442884
-49.45945945945946 -25.103718855798395 -23.978743098415237 -30.273869970568366
-49.27927927927928 -24.8758413578501 -23.98028693684242 -30.22921065193835
-49.0990990990991 -24.00294551436215 -23.980045402222654 -30.178115159349524
-48.91891891891892 -22.79690927614196 -23.97806625517481 -30.12085582096786
-48.73873873873874 -21.537647252867483 -23.97453677459824 -30.058023620958615
-48.55855855855856 -20.37346095448231 -23.969780201924667 -29.990548407661407
-48.37837837837838 -19.362284698105686 -23.96423996921237 -29.919701078485687
-48.1981981981982 -18.5201209011445 -23.95845126463612 -29.84707302532954
-48.01801801801802 -17.847236928687455 -23.95300055702797 -29.774528511275
-47.83783783783784 -17.339700342111044 -23.948475006293556 -29.70412706078487
-47.65765765765766 -16.99414352971108 -23.94540512877686 -29.638015715810084
-47.47747747747748 -16.809770806847485 -23.944205480321873 -29.578295220036242
-47.2972972972973 -16.789368524362757 -23.9451192095285 -29.526869462059263
-47.11711711711712 -16.940078878902046 -23.94817284468088 -29.485292865725754
-46.93693693693694 -17.274274243786536 -23.95314739335069 -29.454634394733105
-46.75675675675676 -17.810627044180336 -23.959570676720023 -29.43537787102609
-46.57657657657658 -18.575068427643004 -23.9667339050216 -29.427375356213524
-46.3963963963964 -19.599969929922114 -23.97373312192513 -29.42986350031763
-46.21621621621622 -20.914714005172044 -23.979533705633486 -29.44154342688593
-46.03603603603604 -22.50156894280053 -23.983053999222005 -29.460715201472052
-45.85585585585586 -24.13559456906234 -23.983262603561357 -29.485450545245612
-45.67567567567568 -25.063914860950657 -23.979282945797493 -29.513783657272064
-45.4954954954955 -24.393301368828872 -23.970498268362 -29.54389992949757
-45.31531531531532 -22.5397654510215 -23.956649861467948 -29.574304966143117
-45.13513513513514 -20.47663333579439 -23.9379208571397 -29.603960111408778
-44.95495495495496 -18.630843547636623 -23.914997003348244 -29.632374263756383
-44.77477477477478 -17.083315820917196 -23.889094590065465 -29.659644372326337
-44.5945945945946 -15.818214800028914 -23.861944535349163 -29.686438746654925
-44.414414414414416 -14.804691727878867 -23.83572143924797 -29.713918953084693
-44.234234234234236 -14.01671054690977 -23.81290843660893 -29.74359881541087
-44.054054054054056 -13.436625147999928 -23.79609424609108 -29.77714401259942
-43.873873873873876 -13.055193343960855 -23.787708650687765 -29.816123432379257
-43.693693693693696 -12.871346553063638 -23.789716017627676 -29.86173298999713
-43.513513513513516 -12.89268024847104 -23.803300493656177 -29.91452170817587
-43.333333333333336 -13.137196612869356 -23.828586390627517 -29.974155024578653
-43.153153153153156 -13.63707093263293 -23.8644378937377 -30.039248303005127
-42.972972972972975 -14.445995597448453 -23.908370821418693 -30.107293098687883
-42.792792792792795 -15.653291686469611 -23.956587549739066 -30.17468174975615
-42.612612612612615 -17.41016562369773 -24.00412074584942 -30.236817024031097
-42.432432432432435 -19.96054586889338 -24.045050404334944 -30.288278368312728
-42.252252252252255 -23.395981024016525 -24.072747907838895 -30.323008665059255
-42.072072072072075 -24.787606853254836 -24.08010181106807 -30.334486018903778
-41.891891891891895 -20.916958866364993 -24.059689635405654 -30.31585173647973
-41.711711711711715 -16.860336210612125 -24.003872794209578 -30.259974599980772
-41.531531531531535 -13.73139201422407 -23.904802831914065 -30.15943918007441
-41.351351351351354 -11.277686965772789 -23.754333222494317 -30.006449764910563
-41.171171171171174 -9.287843661665667 -23.543830569199464 -29.792640032383403
-40.990990990990994 -7.633554413172286 -23.263871489463813 -29.508770735702107
-40.810810810810814 -6.235592664221327 -22.90379542578371 -29.14428145076218
-40.630630630630634 -5.042653570067893 -22.451055339053198 -28.686633329890896
-40.450450450450454 -4.020013168480315 -21.89025867830481 -28.120327612652822
-40.270270270270274 -3.1433150078258922 -21.20169983971425 -27.42538652144738
-40.090090090090094 -2.3950065197580184 -20.359006147948065 -26.57488616632252
-39.90990990990991 -1.7622005622297876 -19.325140339878846 -25.530703649229295
-39.72972972972973 -1.2353410364776432 -18.045130818066426 -24.23562306214414
-39.54954954954955 -0.8073438760494307 -16.431688372892875 -22.597223707571473
-39.36936936936937 -0.4730319324273089 -14.333544107693166 -20.450475433031713
-39.18918918918919 -0.22875984694701937 -11.455715565407068 -17.452847779866378
-39.00900900900901 -0.07216781602784078 -7.133343756781373 -12.68178710234903
-38.82882882882883 -0.0020280013384059094 -0.4850694872577452 -1.7551864652369942
-38.64864864864865 -0.01816265533153276 -3.1193848998923457 -7.331783669369387
-38.46846846846847 -0.12142333402962903 -9.003906267325277 -14.80303682511112
-38.28828828828829 -0.31372848255027114 -12.686656539970521 -18.74394307944526
-38.10810810810811 -0.5981640039543178 -15.239145540278935 -21.380420238002724
-37.92792792792793 -0.979159763206007 -17.145177207296122 -23.324439981661417
-37.74774774774775 -1.4627662894060567 -18.630798755693846 -24.830970151732373
-37.56756756756757 -2.0570732419224615 -19.8174189109965 -26.030690194357007
-37.38738738738739 -2.7728398602679123 -20.777465105176503 -26.999641034898104
-37.20720720720721 -3.624457929533638 -21.557699686010178 -27.78613084177479
-37.02702702702703 -4.631460764230071 -22.190289438134258 -28.422965391024423
-36.84684684684685 -5.820972424801094 -22.698609650343286 -28.93368911542193
-36.66666666666667 -7.231861438460565 -23.100544071467755 -29.336066701692495
-36.48648648648649 -8.922160167981172 -23.410494652759777 -29.644173753287344
-36.30630630630631 -10.983078319935435 -23.640679930586654 -29.869735315618584
-36.12612612612613 -13.566521177744988 -23.802013667483727 -30.023032008329334
-35.94594594594595 -16.933184939194632 -23.90471301997738 -30.11354009028952
-35.76576576576577 -21.389282697823944 -23.95870818056137 -30.1503906433374
-35.58558558558559 -24.95973643913361 -23.9738801333694 -30.14268560237172
-35.40540540540541 -22.268982482683025 -23.960127063564904 -30.099678327959438
-35.22522522522523 -18.78487857697104 -23.927250177491892 -30.03080820117948
-35.04504504504505 -16.403535055644866 -23.884657889454353 -29.945572638728652
-34.86486486486487 -14.822700622395864 -23.840914787799626 -29.853229234988362
-34.68468468468469 -13.792512540041717 -23.80320378948129 -29.762347862475487
-34.50450450450451 -13.17237900256729 -23.776811759486858 -29.680274082791755
-34.32432432432433 -12.88365229659978 -23.764768379902375 -29.61260789529618
-34.14414414414415 -12.883154039916862 -23.76774663488024 -29.562824320018336
-33.96396396396397 -13.150378681074535 -23.784270490180464 -29.532145425696488
-33.78378378378379 -13.681691472146563 -23.811194021158755 -29.519714614283423
-33.60360360360361 -14.488427791389123 -23.844350594470836 -29.523043744489982
-33.42342342342343 -15.597428525016818 -23.879245188242134 -29.53863547398822
-33.24324324324325 -17.052331592191436 -23.911679091931695 -29.562652935457937
-33.06306306306307 -18.908797715360397 -23.938236646485656 -29.591520632158904
-32.88288288288289 -21.188882886254568 -23.956606339525464 -29.62237879374584
-32.70270270270271 -23.637939136145363 -23.965738891646836 -29.65335699255931
-32.52252252252253 -25.06082388274157 -23.96585931932918 -29.68366674245658
-32.34234234234235 -24.183208744488 -23.95835253304699 -29.71353290160239
-32.16216216216216 -22.1860141098421 -23.945540030331443 -29.74399349849016
-31.98198198198198 -20.326392008266836 -23.930365246829396 -29.776603062195942
-31.8018018018018 -18.890953525837205 -23.9160110009069 -29.81307992287531
-31.62162162162162 -17.864073218696667 -23.90548425542574 -29.854943867331492
-31.44144144144144 -17.190697827692468 -23.901217050814367 -29.90319414172689
-31.26126126126126 -16.82653866342416 -23.90474085722845 -29.958074741125856
-31.08108108108108 -16.743295555270944 -23.916487692998423 -30.018961296328946
-30.9009009009009 -16.92664963601729 -23.935752225686628 -30.084382630833737
-30.72072072072072 -17.374003051887644 -23.960818611926896 -30.152165430757208
-30.54054054054054 -18.0926037398719 -23.989223700781928 -30.21966966813514
-30.36036036036036 -19.096509953183617 -24.01810504583245 -30.28407113447266
-30.18018018018018 -20.397105951102237 -24.044574124567113 -30.34264730482932
-30.0 -21.97039916476261 -24.066061587408182 -30.393031237891623
-29.81981981981982 -23.656190105310717 -24.080596448910136 -30.43341061094976
-29.63963963963964 -24.957519384033485 -24.086997842781763 -30.462660835570297
-29.45945945945946 -25.135423497267155 -24.084971320959244 -30.48040986453688
-29.27927927927928 -24.150860943185776 -24.07511007102015 -30.48703725800964
-29.0990990990991 -22.729713140426362 -24.05880605382434 -30.483612337274764
-28.91891891891892 -21.399419223463294 -24.038079537209303 -30.471777512650693
-28.73873873873874 -20.337204581244535 -24.015340372572254 -30.4535847452329
-28.55855855855856 -19.57197281845129 -23.9931018978117 -30.43129656060576
-28.37837837837838 -19.092402287339794 -23.97367773971666 -30.407168024826653
-28.1981981981982 -18.88220088974898 -23.95890003966389 -30.38323141993622
-28.01801801801802 -18.929654569929152 -23.949900514014235 -30.36110893267935
-27.83783783783784 -19.229249762661468 -23.946989796327497 -30.34187825740372
-27.65765765765766 -19.78023893413495 -23.94965512469183 -30.326010263403184
-27.47747747747748 -20.581900664103806 -23.95667500411029 -30.313387206228192
-27.2972972972973 -21.621020856381072 -23.96632817381635 -30.303396700058002
-27.117117117117118 -22.840133042733083 -23.976659208287693 -30.29508423335818
-26.936936936936938 -24.069481247553057 -23.985757729672383 -30.2873385082917
-26.756756756756758 -24.952059555869784 -23.992011987741723 -30.27908090494644
-26.576576576576578 -25.07699949130658 -23.99430713530077 -30.26943262716788
-26.396396396396398 -24.415721105109228 -23.99214988285201 -30.25783896017664
-26.216216216216218 -23.360064300679213 -23.985711498163855 -30.24413759728723
-26.036036036036037 -22.285840703555543 -23.975789335562794 -30.228565687504002
-25.855855855855864 -21.379897028071465 -23.963693766609314 -30.211707422420893
-25.675675675675677 -20.70698043817805 -23.951073651940415 -30.194390520334004
-25.495495495495504 -20.2816311661684 -23.93970003043998 -30.177545902094565
-25.315315315315317 -20.102567835739254 -23.931234067961714 -30.162049883870942
-25.135135135135144 -20.165678808403683 -23.9270098273529 -30.148571523698312
-24.954954954954957 -20.467642473408457 -23.927862792990293 -30.137448239396324
-24.774774774774784 -21.004512780343852 -23.934029565548354 -30.128609596995425
-24.594594594594597 -21.7647556000506 -23.945132768863754 -30.12156223796485
-24.414414414414424 -22.711872931917245 -23.96025027387346 -30.115439420700714
-24.234234234234236 -23.748014612390506 -23.978053206698142 -30.109108661993012
-24.054054054054063 -24.66178044126839 -23.99698670899091 -30.10132271298197
-23.873873873873876 -25.13555615713424 -24.01546329723269 -30.090894139656577
-23.693693693693703 -24.95293290888013 -24.032040883540994 -30.07687244950162
-23.513513513513516 -24.232694682169978 -24.04556422022125 -30.058704232666162
-23.333333333333343 -23.29258249824558 -24.055257178008805 -30.036359798803993
-23.153153153153156 -22.38674787681934 -24.060761712265112 -30.01041302469011
-22.972972972972983 -21.64420455386608 -24.062126374015385 -29.98206395750804
-22.792792792792795 -21.11554503269137 -24.059752411650315 -29.953096375735434
-22.612612612612622 -20.816354764327734 -24.054309004384983 -29.925765956577294
-22.432432432432435 -20.749358226046795 -24.046631178164468 -29.902620192123685
-22.252252252252262 -20.91320819595923 -24.037614538027086 -29.8862595893722
-22.072072072072075 -21.30402613279589 -24.02812001058894 -29.879060625545925
-21.891891891891902 -21.911254653106617 -24.018899241019916 -29.882892268923335
-21.711711711711715 -22.70548721357404 -24.0105472824442 -29.898865859489298
-21.53153153153154 -23.612910312277723 -24.00348428365051 -29.927158671745676
-21.351351351351354 -24.476319407755398 -23.99796290018206 -29.966942205211488
-21.17117117117118 -25.042269920067675 -23.994094132127245 -30.016428375408335
-20.990990990990994 -25.07608906690484 -23.99188206585588 -30.073025221285555
-20.810810810810807 -24.57375281612808 -23.991257976201695 -30.13357512808173
-20.630630630630634 -23.766363998228805 -23.99210630471341 -30.194638157965553
-20.450450450450447 -22.909521075766985 -23.994278568083654 -30.25278256556671
-20.270270270270274 -22.163498755125982 -23.997595371084802 -30.304851883838797
-20.090090090090087 -21.60390399647142 -24.001840426536724 -30.34818891963072
-19.909909909909913 -21.260640194577775 -24.00675297835413 -30.380807440083615
-19.729729729729726 -21.14365935860844 -24.01202573551709 -30.401509559295455
-19.549549549549553 -21.254933407562437 -24.017314208522155 -30.40994997911886
-19.369369369369366 -21.59183807341543 -24.022260476790382 -30.406647900966245
-19.189189189189193 -22.144061662835647 -24.02653054799989 -30.392945113919424
-19.009009009009006 -22.882370976839166 -24.02986045004248 -30.37090643274189
-18.828828828828833 -23.734684779817346 -24.03210289073934 -30.343158388234357
-18.648648648648646 -24.550049142810213 -24.033264441412268 -30.312665705385264
-18.468468468468473 -25.087208511483894 -24.033523202988473 -30.282453651377253
-18.288288288288285 -25.120083940405596 -24.03321896767533 -30.2552971498309
-18.108108108108112 -24.63543454847851 -24.032811882913578 -30.233411680024243
-17.927927927927925 -23.847074599987707 -24.032811143849216 -30.218191353445714
-17.747747747747752 -23.002685529004555 -24.03368152225677 -30.210040692307032
-17.567567567567565 -22.263333225829776 -24.035741448994372 -30.20833538331782
-17.387387387387392 -21.707801052544447 -24.039070511879785 -30.21152523337278
-17.207207207207205 -21.36878742857651 -24.04344528526577 -30.217366104937255
-17.02702702702703 -21.25821546762202 -24.048319590400116 -30.22324513012777
-16.846846846846844 -21.379275317714143 -24.052858785706285 -30.226551220141
-16.66666666666667 -21.72966829129023 -24.056028760885223 -30.225042139237353
-16.486486486486484 -22.29774454899065 -24.05673091472596 -30.21716686527865
-16.30630630630631 -23.049266724374426 -24.05396648491289 -30.202312165711778
-16.126126126126124 -23.899783360870323 -24.047008438513423 -30.1809507448826
-15.945945945945951 -24.676174604391107 -24.0355570278215 -30.154673300013304
-15.765765765765764 -25.117860216612165 -24.019855642338843 -30.1260900192856
-15.58558558558559 -25.01719613182435 -24.000746176252893 -30.09859266023375
-15.405405405405403 -24.416841172105947 -23.97964765644106 -30.075981260496377
-15.22522522522523 -23.56463701558033 -23.958448883944733 -30.06198254993453
-15.045045045045043 -22.702936413638906 -23.939316198752785 -30.05971769741442
-14.86486486486487 -21.976103022381146 -23.92443145266663 -30.071205424736107
-14.684684684684683 -21.45109525473387 -23.915691391801733 -30.096998249602184
-14.50450450450451 -21.154937290989917 -23.91441403716463 -30.136032919300874
-14.324324324324323 -21.097766682042067 -23.921104749035624 -30.185730963531473
-14.14414414414415 -21.282992582816732 -23.935329596381205 -30.24232662654869
-13.963963963963963 -21.709054205749197 -23.955725319865504 -30.301349912309433
-13.78378378378379 -22.36339201780374 -23.98014793943296 -30.358169476661075
-13.603603603603602 -23.20436569828006 -24.00593438426952 -30.40850670006019
-13.42342342342343 -24.123621192571477 -24.030231980921876 -30.44885835356372
-13.243243243243242 -24.89777633264975 -24.050343798270347 -30.476795935730713
-13.063063063063069 -25.215618040653617 -24.06404277079757 -30.491133682479663
-12.882882882882882 -24.900827840160883 -24.069819364379708 -30.49197023072695
-12.702702702702709 -24.1058017756755 -24.067040758189158 -30.48061286583621
-12.522522522522522 -23.143047184479293 -24.05601045074917 -30.459393332649142
-12.342342342342349 -22.248657823743013 -24.037925099179244 -30.43138592173321
-12.162162162162161 -21.541271519925328 -24.01473183807621 -30.40004591701562
-11.981981981981988 -21.069057078695593 -23.988896786990928 -30.36880025747471
-11.801801801801801 -20.849439986733593 -23.963105692582825 -30.340638960357
-11.621621621621628 -20.888855641947266 -23.939930239377205 -30.317768219355923
-11.441441441441441 -21.1897269619281 -23.921505255297223 -30.30138580880902
-11.261261261261268 -21.74877958541527 -23.90926754577969 -30.29162169178384
-11.08108108108108 -22.54455899946247 -23.903801490618978 -30.287654131784944
-10.900900900900908 -23.50477712792296 -23.904818385256235 -30.287974083309635
-10.72072072072072 -24.444182163820326 -23.91126967117666 -30.29074072240526
-10.540540540540547 -25.021399981613154 -23.92156675099473 -30.294157352707593
-10.36036036036036 -24.905591873433906 -23.933860542965988 -30.29680075814661
-10.180180180180187 -24.129198301847627 -23.94632725309347 -30.29785325797217
-10.0 -23.048112324584615 -23.95741274109725 -30.297208141789636
-9.819819819819827 -21.985946909810103 -23.96600211711546 -30.29544060496383
-9.63963963963964 -21.109602015623054 -23.971498551289766 -30.29365574475664
-9.459459459459467 -20.483908625255477 -23.9738116998072 -30.29324255665193
-9.27927927927928 -20.130475169259505 -23.973269648055915 -30.295577831615375
-9.099099099099107 -20.05746270034454 -23.97047823790368 -30.301734166018022
-8.91891891891892 -20.27141639255546 -23.966157821823614 -30.31224811416269
-8.738738738738746 -20.77963778771419 -23.96098931643621 -30.326994560160216
-8.558558558558559 -21.583610066814217 -23.955498182639516 -30.34519174756207
-8.378378378378386 -22.65374314304823 -23.949996435730988 -30.365532879345416
-8.198198198198199 -23.859354226423907 -23.944590034318196 -30.386412812420332
-8.018018018018026 -24.839796879813562 -23.93924447576697 -30.406199744739737
-7.837837837837839 -25.02837278782384 -23.933888408351187 -30.423495806256934
-7.657657657657666 -24.22510783444207 -23.92852655790446 -30.437336339356445
-7.477477477477478 -22.892034783335756 -23.923331077272415 -30.447291661049377
-7.297297297297305 -21.53877846312617 -23.918684884335217 -30.45345320621903
-7.117117117117118 -20.407379617034692 -23.91516074813751 -30.45630549603253
-6.936936936936945 -19.573112474441963 -23.91343407843809 -30.456504953713956
-6.756756756756758 -19.05155319000692 -23.91414319872191 -30.454604704355717
-6.576576576576585 -18.845055374993986 -23.917725297187353 -30.450778292122887
-6.396396396396398 -18.95939255596457 -23.924265721646766 -30.444600610011502
-6.216216216216225 -19.409295187307112 -23.933399589588976 -30.434937742825507
-6.0360360360360374 -20.217926051303134 -23.944296280976857 -30.41997858403569
-5.855855855855864 -21.403659412117015 -23.955740589475525 -30.39741435891639
-5.675675675675677 -22.920451866664678 -23.96630331614992 -30.364745224352422
-5.495495495495504 -24.453712753539428 -23.974574424103338 -30.319673195969617
-5.315315315315317 -25.11294388617138 -23.979418115775616 -30.26053101771266
-5.135135135135144 -24.173535260911553 -23.980203389114266 -30.18669521189603
-4.954954954954957 -22.341304474614013 -23.976965324619265 -30.098932948522666
-4.774774774774784 -20.51826393691003 -23.970460064911695 -29.999631268587848
-4.5945945945945965 -19.02972195399831 -23.962089318825228 -29.892852313371417
-4.4144144144144235 -17.92757491540204 -23.953688626327086 -29.784155045745536
-4.234234234234236 -17.199031587097295 -23.947198029005428 -29.68013521988578
-4.054054054054063 -16.82913829056425 -23.944262356257013 -29.587676828151707
-3.873873873873876 -16.816999353151 -23.945834822795238 -29.512987555060363
-3.693693693693703 -17.18158373924759 -23.951871962116876 -29.46059183221051
-3.513513513513516 -17.966919473147716 -23.961200615761726 -29.432531352701066
-3.333333333333343 -19.246867335258 -23.971606384287995 -29.428016829775036
-3.1531531531531556 -21.108169664865525 -23.98014603464688 -29.44366213007374
-2.9729729729729826 -23.45946252082907 -23.983639777097913 -29.474254154994842
-2.7927927927927954 -25.064403408521834 -23.97926752679238 -29.51385573872903
-2.6126126126126223 -23.677476919772005 -23.965181004122353 -29.55697327033267
-2.432432432432435 -20.77933928428027 -23.941044410107644 -29.599550891281076
-2.252252252252262 -18.195375837695053 -23.90841878128418 -29.63963174110525
-2.072072072072075 -16.2057343770952 -23.870901223618347 -29.677601088975226
-1.8918918918919019 -14.740327472660013 -23.833924163105348 -29.715974336423137
-1.7117117117117147 -13.719881316199045 -23.804130976637126 -29.75872852437047
-1.5315315315315416 -13.097208689816036 -23.788302075383548 -29.810229698122615
-1.3513513513513544 -12.857165509531711 -23.791928339877934 -29.873898822032658
-1.1711711711711814 -13.016831159224836 -23.817692867744817 -29.950866181525257
-0.9909909909909942 -13.63398789502295 -23.864244000401303 -30.03892638667331
-0.8108108108108212 -14.831982153186825 -23.92561814120015 -30.13205582463935
-0.630630630630634 -16.861006906324743 -23.991465169590693 -30.220581447026454
-0.45045045045046095 -20.21540402144379 -24.047935875690555 -30.291869649586683
-0.2702702702702737 -24.682020979783456 -24.07887336380402 -30.33124930969762
-0.09009009009010072 -21.90543014195577 -24.066910547984648 -30.32285741297129
0.0900900900900865 -16.429662619284976 -23.994185948851733 -30.25017547331069
0.2702702702702595 -12.535078220109705 -23.84254401086851 -30.096135222843966
0.45045045045044674 -9.672241402433714 -23.593190527289153 -29.842745201255717
0.6306306306306197 -7.456508630580735 -23.22578793257609 -29.47019171490346
0.810810810810807 -5.687937143067778 -22.71689191482562 -28.955283214350146
0.99099099099098 -4.254277003708918 -22.03742988765146 -28.268903826099287
1.1711711711711672 -3.087365635174304 -21.148509583346005 -27.371708794204523
1.3513513513513402 -2.1433052581361705 -19.99392720703484 -26.206295785963853
1.5315315315315274 -1.3926775513855907 -18.485412438012357 -24.681459867505637
1.7117117117117004 -0.8153377364152259 -16.469783910667392 -22.636009679557276
1.8918918918918877 -0.39748124952020736 -13.643006132708205 -19.738134636119142
2.0720720720720607 -0.12993009887996873 -9.271420589467462 -15.10203333134931
2.252252252252248 -0.007126678620757933 -1.5071348883764604 -4.389608244484286
2.432432432432435 -0.026576260841323415 -4.043050021580675 -8.723254512322935
2.612612612612608 -0.18860998561790546 -10.686648074389463 -16.632393039293806
2.7927927927927954 -0.4964174340295263 -14.50464025221443 -20.62651779527763
2.9729729729729684 -0.9563556506715397 -17.0557174728902 -23.23351650642951
3.1531531531531556 -1.5786018144212925 -18.903033887365126 -25.106448863917905
3.3333333333333286 -2.3783031639864602 -20.2945559596343 -26.512420334743375
3.513513513513516 -3.3775298598598753 -21.36054649390655 -27.587485924590084
3.693693693693689 -4.608639015157713 -22.17840004099092 -28.41100607181112
3.873873873873876 -6.120316345147252 -22.79868575744259 -29.03404674206843
4.054054054054049 -7.989116103522341 -23.25729761411525 -29.49226286804081
4.234234234234236 -10.343274932142881 -23.58181627850034 -29.812525302945723
4.414414414414409 -13.415729237302251 -23.79515614315231 -30.01668804371116
4.5945945945945965 -17.65314608076994 -23.917782991565176 -30.12390325051467
4.7747747747747695 -23.343261694007047 -23.969052837325545 -30.152101280772314
4.954954954954957 -23.683479206582035 -23.967881303092096 -30.11889069604148
5.13513513513513 -19.214330808711367 -23.93279324183507 -30.041947825639706
5.315315315315317 -16.263172519473343 -23.8813660832915 -29.938879199457137
5.49549549549549 -14.477172064814498 -23.82915843719084 -29.82654333103666
5.675675675675677 -13.437938139468004 -23.788381618901816 -29.719917967804133
5.85585585585585 -12.937246305902937 -23.766738021392726 -29.63077127286356
6.0360360360360374 -12.87198867683577 -23.76688254836796 -29.566552204271087
6.2162162162162105 -13.195570032135112 -23.786778681641138 -29.529929069295076
6.396396396396398 -13.898415314029585 -23.820886887254208 -29.51920794320627
6.576576576576571 -15.00197886696016 -23.86182992445005 -29.52953431687162
6.756756756756758 -16.559595078469187 -23.90208314580949 -29.554508550517987
6.936936936936931 -18.654102852482332 -23.935341205137284 -29.587768692766726
7.117117117117118 -21.33338116299256 -23.957400454285946 -29.624204630321024
7.297297297297291 -24.141911270107105 -23.966551817241452 -29.660652464015484
7.477477477477478 -24.956746701476035 -23.963555068826672 -29.6960714079017
7.657657657657651 -23.033269565901684 -23.95127841003977 -29.73128934306551
7.837837837837839 -20.73898319995754 -23.934077162084915 -29.768434833094958
8.018018018018012 -18.983392983809832 -23.916985744100035 -29.810185269288034
8.198198198198199 -17.790554083360547 -23.904820847565574 -29.858971126388766
8.378378378378372 -17.072204056129582 -23.901330483674958 -29.916281665187455
8.558558558558559 -16.759846909190024 -23.9085454692891 -29.9822017601328
8.738738738738732 -16.813838581291474 -23.92646805825748 -30.055261305303688
8.91891891891892 -17.218240809468853 -23.953158866210135 -30.132604666890714
9.099099099099092 -17.97606490269039 -23.98518204259776 -30.210412805084587
9.27927927927928 -19.103803431071007 -24.018283084675744 -30.28446288100835
9.459459459459453 -20.615216382101803 -24.048137553378147 -30.350702767057207
9.63963963963964 -22.457736489200304 -24.07102641573793 -30.405743939099807
9.819819819819813 -24.29956533700913 -24.08434300137539 -30.447216730763188
10.0 -25.225740671052517 -24.08688925069544 -30.47396879132552
10.180180180180173 -24.541491092467624 -24.0789569987897 -30.486111605241803
10.36036036036036 -22.994509506089603 -24.062210466054736 -30.48493116368907
10.540540540540533 -21.471900392751806 -24.03939610244901 -30.472682726776977
10.72072072072072 -20.28090738585023 -24.013915216564786 -30.45229243292702
10.900900900900893 -19.464314504057796 -23.989309524099184 -30.426994539448472
11.08108108108108 -19.002352689347553 -23.968728819557434 -30.39994284291786
11.261261261261254 -18.870967441851608 -23.954465046488348 -30.373844908656643
11.441441441441441 -19.054606904371262 -23.947636450157294 -30.35067212361485
11.621621621621614 -19.54677546397058 -23.94808161743379 -30.33149165649549
11.801801801801801 -20.345134657685865 -23.954479058059004 -30.316446478872045
11.981981981981974 -21.437147527464532 -23.96465767578475 -30.304880870369043
12.162162162162161 -22.760298188118536 -23.976024961868067 -30.29557998933127
12.342342342342334 -24.107715625922307 -23.986024735460177 -30.287072081097204
12.522522522522522 -25.01668218381723 -23.992544885078395 -30.277935595205033
12.702702702702695 -24.988949746063753 -23.99421881948763 -30.267060103618082
12.882882882882882 -24.110324384005715 -23.990591005671224 -30.253824701086618
13.063063063063055 -22.923072223113195 -23.9821395401003 -30.23817503117663
13.243243243243242 -21.824672291493457 -23.970165183465653 -30.220596458415073
13.423423423423415 -20.972338353161884 -23.956568568692123 -30.201994796791517
13.603603603603602 -20.406418507612663 -23.94354805867206 -30.183507449107623
13.783783783783775 -20.128688920226733 -23.933260889115108 -30.166276873420497
13.963963963963963 -20.132391349775297 -23.92749781509575 -30.151224105418088
14.144144144144136 -20.411136016034973 -23.927422485061776 -30.138860893602452
14.324324324324323 -20.95854279211244 -23.933417625903886 -30.129173275675
14.504504504504496 -21.760067499438893 -23.945060538142926 -30.12159710567136
14.684684684684683 -22.770996776609987 -23.961224658512563 -30.115089404312933
14.864864864864856 -23.86879434253981 -23.98027950547845 -30.10828251207583
15.045045045045043 -24.787439494377853 -24.00034532064227 -30.0996950865266
15.225225225225216 -25.15320973400535 -24.019554679390556 -30.087967564723677
15.405405405405403 -24.788017562856144 -24.03628013427181 -30.072089848491824
15.585585585585576 -23.923633375387773 -24.04930026356109 -30.051593639014772
15.765765765765764 -22.928300873128432 -24.057891415250978 -30.026688284450547
15.945945945945937 -22.04059598068853 -24.061845436416647 -29.998325083394416
16.126126126126124 -21.363660017522633 -24.061423227397345 -29.96818001743805
16.306306306306297 -20.93128617344661 -24.057260028349695 -29.938549665178886
16.486486486486484 -20.75036299724807 -24.050241517464343 -29.912161283598305
16.666666666666657 -20.819207882323614 -24.04137059120865 -29.89190732672567
16.846846846846844 -21.133169484571734 -24.03164331454946 -29.88052727336621
17.027027027027017 -21.68272285826668 -24.021949029030246 -29.880273504582583
17.207207207207205 -22.44352456407757 -24.013004230591953 -29.892608660474327
17.387387387387378 -23.353366430234065 -24.00532326716331 -29.917984007763053
17.567567567567565 -24.272099994398744 -23.999222303086796 -29.955738264943005
17.747747747747738 -24.951502670798035 -23.99484767836983 -30.00413494432669
17.927927927927925 -25.118323226425296 -23.99221684095055 -30.060529531567255
18.108108108108098 -24.704411389792888 -23.99125994066869 -30.121634314832527
18.288288288288285 -23.92070171157532 -23.991852708963393 -30.18383545272247
18.46846846846846 -23.046467159710588 -23.993835563395052 -30.243516286147848
18.648648648648646 -22.267325920880864 -23.997018793506825 -30.297350299143893
18.82882882882882 -21.67191294878684 -24.001178008360725 -30.342541080858688
19.009009009009006 -21.294631365429236 -24.006046803393794 -30.37699981923062
19.18918918918918 -21.146062096596335 -24.011314298687477 -30.399459954705904
19.369369369369366 -21.227425665516332 -24.01663377065828 -30.40953272162345
19.54954954954954 -21.535206685970838 -24.02164547625011 -30.407707282757805
19.729729729729726 -22.059054989124085 -24.02601273716684 -30.39529685160138
19.9099099099099 -22.772120380803813 -24.02946635092563 -30.374329746658017
20.090090090090087 -23.60993153150638 -24.031849301391752 -30.34738380442827
20.27027027027026 -24.43709436223541 -24.033152194693173 -30.31736564770184
20.450450450450447 -25.029631956573372 -24.03353017257761 -30.28724371780359
20.63063063063062 -25.155222502197866 -24.033294270553213 -30.259754965121548
20.810810810810807 -24.76008918175637 -24.032874042140627 -30.237116923840517
20.99099099099098 -24.023660554564067 -24.032753272772823 -30.220785203089783
21.171171171171167 -23.190636900181715 -24.033386023209044 -30.211296661112144
21.35135135135134 -22.433164361943767 -24.035105106347146 -30.208228255816625
21.531531531531527 -21.839427641171785 -24.038038319139897 -30.210282310149772
21.7117117117117 -21.44688456986127 -24.042048349610397 -30.215486135201843
21.891891891891888 -21.269029115694128 -24.046709750525032 -30.221474636550475
22.07207207207206 -21.309215214039586 -24.051330964072505 -30.225813954127425
22.252252252252248 -21.56570821424587 -24.055022143229415 -30.226323633660385
22.43243243243242 -22.03066391384311 -24.056802001350988 -30.221361702949423
22.612612612612608 -22.682615577057213 -24.055730671162138 -30.21004684273331
22.79279279279278 -23.46929580114159 -24.05105158368699 -30.192400613302404
22.97297297297297 -24.278728256909446 -24.04232394417395 -30.169398498243744
23.15315315315314 -24.91561046366702 -24.029528115690056 -30.142921863338263
23.33333333333333 -25.14809271430455 -24.013128515283228 -30.115606202894444
23.5135135135135 -24.868476005303222 -23.99408206503623 -30.090587445782965
23.69369369369369 -24.197547854096015 -23.973784832466002 -30.071160076366112
23.873873873873862 -23.368004871836487 -23.953955606222333 -30.06037836655205
24.05405405405405 -22.56890430818766 -23.936463102860234 -30.060651256264883
24.234234234234222 -21.906335672278196 -23.923112971430072 -30.07339490906329
24.41441441441441 -21.428860782159184 -23.915420303942412 -30.09880647573211
24.594594594594582 -21.155846890848924 -23.914400369024506 -30.135803859895308
24.77477477477477 -21.094039461831557 -23.92041176077408 -30.182142832530946
24.954954954954943 -21.24497227175393 -23.933080096943268 -30.23468558339576
25.13513513513513 -21.606534165819046 -23.951317191472793 -30.289766680631473
25.315315315315303 -22.16947100206573 -23.97343342185 -30.343591693209827
25.49549549549549 -22.906752656157824 -23.99732465403947 -30.39261046833782
25.675675675675677 -23.751390246196664 -24.020704018457714 -30.433824696481146
25.85585585585585 -24.56264160457096 -24.041345233001966 -30.46500940312276
26.036036036036037 -25.11193825116235 -24.057307397312396 -30.48484399078278
26.21621621621621 -25.173099179497946 -24.067118605727696 -30.492957850673257
26.396396396396398 -24.710461592322005 -24.069904256199255 -30.489899073141547
26.57657657657657 -23.915521310202983 -24.065453310716997 -30.47703488533844
26.756756756756758 -23.03128594607844 -24.054221115857747 -30.456391981929816
26.93693693693693 -22.22354309661881 -24.03727108231832 -30.430446163962095
27.117117117117118 -21.57579692694402 -24.016160601225664 -30.4018747752809
27.29729729729729 -21.123219870913054 -23.992780130106198 -30.373291919984343
27.47747747747748 -20.87874023645825 -23.969158957747144 -30.34699337205935
27.65765765765765 -20.846590351702524 -23.94725637371854 -30.324742353495836
27.83783783783784 -21.027847339437244 -23.928761459914824 -30.307625897562648
28.01801801801801 -21.42095975826798 -23.91492652864779 -30.29600282410837
28.1981981981982 -22.01741744168295 -23.90645661864605 -30.289549604388565
28.378378378378372 -22.789685578112213 -23.90346986928374 -30.287393320971145
28.55855855855856 -23.665726732859564 -23.905532224266338 -30.28830633381231
28.738738738738732 -24.489508445331598 -23.911757495218197 -30.29092891042815
28.91891891891892 -25.00630083334078 -23.920953564993926 -30.293985239480858
29.099099099099092 -24.9764077541679 -23.931789849697406 -30.296463652334417
29.27927927927928 -24.39136237026263 -23.942960836173395 -30.29774083875218
29.459459459459453 -23.482882752914097 -23.953324683379904 -30.297639694854638
29.63963963963964 -22.50919167938583 -23.962002674857168 -30.2964194813341
29.819819819819813 -21.63185056671477 -23.968432811654313 -30.2947046129707
30.0 -20.92639284293587 -23.97237765440495 -30.293364739015715
30.180180180180173 -20.422229162431105 -23.973891979107837 -30.29336394309371
30.36036036036036 -20.12929404004264 -23.97325974940541 -30.295600606680416
30.540540540540533 -20.051172578805414 -23.970912395858658 -30.300760966629646
30.72072072072072 -20.190654327768463 -23.967341479600798 -30.30920773721903
30.900900900900893 -20.551152484604085 -23.963018459314164 -30.320919897906215
31.08108108108108 -21.13460232291549 -23.95833241728869 -30.3354913740067
31.261261261261254 -21.933455861296487 -23.953553315479226 -30.35218642422445
31.44144144144144 -22.909732637355802 -23.94882400017795 -30.370040273157358
31.621621621621614 -23.949011304053624 -23.94417939320821 -30.38798688999263
31.8018018018018 -24.794785154797815 -23.939586898997078 -30.40499294110083
31.981981981981974 -25.075861528060432 -23.93499877528931 -30.42017782397088
32.16216216216216 -24.599903188686337 -23.930405575462615 -30.432903432475314
32.342342342342334 -23.584461546164057 -23.92587994934836 -30.44282268063629
32.52252252252252 -22.398883170571764 -23.921601947532643 -30.44988176151231
32.702702702702695 -21.288001747734132 -23.917860153734377 -30.454276983113875
32.88288288288288 -20.35871966775071 -23.915027000232275 -30.456372495198206
33.063063063063055 -19.646152748961356 -23.913510977048936 -30.456590095978356
33.24324324324324 -19.157737638742315 -23.913692555988945 -30.45528624204662
33.423423423423415 -18.893307766865 -23.915853902213456 -30.452633798939633
33.6036036036036 -18.85326894535102 -23.92011423500108 -30.448526283869306
33.783783783783775 -19.041810672684054 -23.926382560818844 -30.442519905571267
33.96396396396396 -19.46785475690489 -23.934337283514996 -30.433823701554637
34.144144144144136 -20.143868152754575 -23.94343818973336 -30.421341332317716
34.32432432432432 -21.07962442470635 -23.952971242125965 -30.403760987201927
34.504504504504496 -22.26091687128744 -23.962121478208793 -30.379683853591356
34.68468468468468 -23.586810218030973 -23.97006506636358 -30.347777732901328
34.864864864864856 -24.733527464527864 -23.976068861700192 -30.3069409139299
35.04504504504504 -25.101321011791192 -23.97958483833564 -30.256461823562066
35.225225225225216 -24.35374672198176 -23.9803273657321 -30.1961612800909
35.4054054054054 -22.916268460452173 -23.978323062976678 -30.12650535795665
35.58558558558558 -21.364096130813998 -23.973925551797212 -30.04867730137694
35.765765765765764 -19.979312569800662 -23.96779065552931 -29.964596641183494
35.94594594594594 -18.84388446653491 -23.96081145299715 -29.876873525837702
36.126126126126124 -17.966329085405047 -23.954017126229473 -29.788687865711
36.3063063063063 -17.336357537562304 -23.948444583486452 -29.70358816768305
36.486486486486484 -16.943289383973127 -23.94499684608502 -29.625215426402637
36.66666666666666 -16.781884973224823 -23.944306167986703 -29.55697302404261
36.846846846846844 -16.85444493280496 -23.94662158293576 -29.50168137703885
37.02702702702702 -17.17218371597244 -23.951739033943692 -29.461270228022936
37.207207207207205 -17.75682712733089 -23.958987170003965 -29.436565009512172
37.38738738738738 -18.64213354612048 -23.96727409335483 -29.427211961043568
37.567567567567565 -19.871875160399675 -23.975191526170203 -29.431760841032805
37.74774774774774 -21.477213076856767 -23.98116507395021 -29.447891798815373
37.927927927927925 -23.359415169785038 -23.98363406278209 -29.47274506250457
38.1081081081081 -24.882769736764466 -23.9812423590513 -29.503297034556212
38.28828828828827 -24.697771222676668 -23.973022079650953 -29.53672644100501
38.46846846846847 -22.784827667426896 -23.958553894636445 -29.570725462603274
38.648648648648646 -20.49258880420964 -23.93808935461497 -29.60372647738783
38.82882882882882 -18.46965669224908 -23.91262149221896 -29.635029231688907
39.00900900900899 -16.818102827806957 -23.883889909372172 -29.664823085221556
39.18918918918919 -15.506379058007209 -23.85430678860184 -29.694104859306822
39.369369369369366 -14.489627730234409 -23.82679278883723 -29.724497273762537
39.54954954954954 -13.733132906503204 -23.804518974730037 -29.75797898610008
39.72972972972971 -13.214722853966842 -23.790564364109056 -29.79654672249414
39.90990990990991 -12.923761482975326 -23.787517598779402 -29.841842381574004
40.09009009009009 -12.860576854747602 -23.797071293995256 -29.894789846877327
40.27027027027026 -13.03732240810303 -23.81967117701723 -29.955292069961743
40.45045045045043 -13.481004737542012 -23.854281157538647 -30.022033735460496
40.630630630630634 -14.240077665219214 -23.89830622120302 -30.092417036854666
40.81081081081081 -15.397586689333597 -23.947681569976986 -30.162631729725952
40.99099099099098 -17.09630192280978 -23.997099886179647 -30.22783384613121
41.17117117117115 -19.573294216568733 -24.040321732101646 -30.28238873439742
41.351351351351354 -22.99545471954152 -24.070504709014344 -30.320128145852152
41.53153153153153 -24.944660367793666 -24.08049472210091 -30.33457717453547
41.7117117117117 -21.34683063114517 -24.063040803793207 -30.31912014378189
41.89189189189187 -17.20338469447115 -24.01091491571583 -30.26708909573362
42.072072072072075 -14.010652083078126 -23.916933570094795 -30.171769829921846
42.25225225225225 -11.524834812239185 -23.773886103893 -30.026326213229915
42.43243243243242 -9.521184793883098 -23.574374896908807 -29.82364334016781
42.612612612612594 -7.863160922674398 -23.31056677237288 -29.55608437662046
42.792792792792795 -6.4667376678475765 -22.973842848976872 -29.21514443608222
42.97297297297297 -5.277569314660811 -22.55431514243805 -28.790965886402272
43.15315315315314 -4.258800825622874 -22.0401481123077 -28.271648221198568
43.333333333333314 -3.3844318983686805 -21.41657240694329 -27.64223107386821
43.513513513513516 -2.635530515667599 -20.664385063752576 -26.88312683994613
43.69369369369369 -1.9979677215252842 -19.75754774748324 -25.96757371558803
43.87387387387386 -1.4610043602488259 -18.659108307949804 -24.85723143430359
44.054054054054035 -1.01637745220659 -17.31378509140491 -23.493967815951947
44.234234234234236 -0.6576922571180857 -15.633321966937343 -21.782990414898467
44.41441441441441 -0.3800088319367389 -13.46446000194212 -19.553355781073318
44.59459459459458 -0.1795570735926265 -10.510001852481029 -16.445881456786488
44.774774774774755 -0.05353996352132583 -6.126617226282632 -11.47481049389263
44.95495495495496 0.0 0.0 0.0
45.13513513513513 -0.017733283258541267 -3.0664860353022605 -7.247183013767241
45.3153153153153 -0.10624194077084885 -8.5076982236491 -14.250373779268013
45.495495495495476 -0.26571999976825633 -12.029984335300119 -18.056339030589314
45.67567567567568 -0.4970713371586643 -14.509841140367028 -20.631867562386415
45.85585585585585 -0.8019616142611669 -16.381208149743635 -22.547059233403864
46.03603603603602 -1.182909716565652 -17.854582637663338 -24.044572720970333
46.216216216216196 -1.643428838187825 -19.045287309147522 -25.250336761212083
46.3963963963964 -2.188233929894922 -20.02295567182719 -26.238247774436783
46.57657657657657 -2.8235423080858224 -20.83286544050702 -27.05551504487325
46.756756756756744 -3.557510480076009 -21.50622578063662 -27.73427388497278
46.93693693693692 -4.400877579937399 -22.065610038713487 -28.297530233002732
47.11711711711712 -5.367933547124615 -22.528042790164655 -28.762468682086947
47.29729729729729 -6.478016619569551 -22.906862911056574 -29.142419220367948
47.477477477477464 -7.757906620507665 -23.212906336484505 -29.448092079116645
47.65765765765764 -9.245791228866583 -23.45528971533796 -29.68838977688574
47.83783783783784 -10.998071894820212 -23.641947975296993 -29.870962622840235
48.01801801801801 -13.101218496310107 -23.780012049540325 -30.002601126881846
48.198198198198185 -15.690591841547125 -23.876076177482666 -30.089519280941918
48.378378378378386 -18.9563550184203 -23.936382814451044 -30.13756000832593
48.55855855855856 -22.855536017572682 -23.966940382651313 -30.152340382762045
48.73873873873873 -24.94508354568525 -23.97358158857788 -30.139345674507766
48.918918918918905 -22.569741683803816 -23.961966349153315 -30.103976075837192
49.09909909909911 -19.617248381392 -23.93753291209576 -30.0515473457057
49.27927927927928 -17.40707184326355 -23.90540318696573 -29.987246389569187
49.45945945945945 -15.819434547429733 -23.870253055597892 -29.916044910474856
49.639639639639626 -14.67997760510036 -23.836164352647735 -29.842578490370055
49.81981981981983 -13.873975747986531 -23.806480473238825 -29.771004036613352
50.0 -13.329509173333381 -23.783690007857153 -29.704854050940853
50.18018018018017 -13.000835327352512 -23.76936066600692 -29.64690975400285
50.360360360360346 -12.858557808439448 -23.76413855760613 -29.599114912936333
50.54054054054055 -12.884092703999976 -23.767816963742273 -29.562547332452386
50.72072072072072 -13.066553407660342 -23.779466831375927 -29.537455949587866
50.90090090090089 -13.401029825255563 -23.79761156086369 -29.523360422263334
51.08108108108107 -13.887725000820701 -23.82042352837569 -29.519199935942027
51.26126126126127 -14.531655814710671 -23.845919814818068 -29.523511240051352
51.44144144144144 -15.342709515126005 -23.87213876823283 -29.53461392496361
51.621621621621614 -16.335749648490882 -23.89728534842923 -29.55078332066385
51.80180180180179 -17.52994545001998 -23.919839699169557 -29.57039663160247
51.98198198198199 -18.94470886157097 -23.938628669634305 -29.592044136916996
52.16216216216216 -20.583859586833885 -23.952863462783757 -29.614602930754515
52.342342342342334 -22.383191511095504 -23.962148279860948 -29.637274885589736
52.52252252252251 -24.072961933812845 -23.966465191731224 -29.65959309755665
52.70270270270271 -25.031329804195707 -23.96614004986577 -29.681402277731795
52.88288288288288 -24.728190276979156 -23.96179354825152 -29.70281884188845
53.063063063063055 -23.511172651979212 -23.954280921968785 -29.724176269915365
53.24324324324323 -22.058915535500418 -23.944623422631473 -29.74596098005634
53.42342342342343 -20.72271968217361 -23.93393470480123 -29.768743660449623
53.6036036036036 -19.599747415062176 -23.923345528886028 -29.793110747037957
53.783783783783775 -18.69430826405756 -23.91393058117625 -29.819600459676828
53.96396396396395 -17.986697055350024 -23.906641523433944 -29.848647390633506
54.14414414414415 -17.454763080031814 -23.90225040147424 -29.880538977888634
54.32432432432432 -17.079600828358192 -23.90130710469519 -29.91538624469628
54.504504504504496 -16.846490493000477 -23.904113618549758 -29.953109985598484
54.68468468468467 -16.744563481826976 -23.910716420830024 -29.993442247930588
54.86486486486487 -16.766234233958134 -23.920916732151063 -30.03594166961981
55.04504504504504 -16.906683948730674 -23.934296706667133 -30.080020167944173
55.225225225225216 -17.16344376598235 -23.950258309044152 -30.12497776825715
55.40540540540539 -17.53604073741983 -23.968070768427857 -30.17004208155157
55.58558558558559 -18.025616712919856 -23.986922216253767 -30.214409068103265
55.765765765765764 -18.634349643827942 -24.00597136718527 -30.2572821766977
55.94594594594594 -19.364339839557243 -24.024395761628973 -30.29790760230776
56.12612612612611 -20.215272422272296 -24.041433977342503 -30.33560413117829
56.30630630630631 -21.179474445475606 -24.0564201613288 -30.369786733153177
56.486486486486484 -22.23185909206621 -24.068810093445578 -30.399983643695627
56.66666666666666 -23.311554512478875 -24.078198685840384 -30.425847116988535
56.84684684684683 -24.296862742479213 -24.08432931677462 -30.447158323301814
57.02702702702703 -24.998362989231314 -24.0870957047648 -30.463827027129984
57.207207207207205 -25.22780338937569 -24.08653718626884 -30.475886747826234
57.38738738738738 -24.937965882236767 -24.08282831514842 -30.48348610509975
57.56756756756755 -24.2663112265383 -24.076263701695332 -30.486877018442115
57.74774774774775 -23.41533815231852 -24.067238991523297 -30.48640038664235
57.927927927927925 -22.53921822659807 -24.056228876137276 -30.482469837618964
58.1081081081081 -21.72266326385271 -24.043763039964738 -30.475554118563892
58.28828828828827 -21.002914207551378 -24.030400982653404 -30.466158693444783
58.46846846846847 -20.392192060448178 -24.016706699314213 -30.454807124926226
58.648648648648646 -19.891233014496848 -24.00322423639142 -30.442022832091
58.82882882882882 -19.496150736949534 -23.99045514489657 -30.42831182283434
59.00900900900899 -19.201654871535215 -23.978838805189252 -30.414146988907543
59.18918918918919 -19.002479591230895 -23.96873648381598 -30.399954512429986
59.369369369369366 -18.89396802466505 -23.960419798622627 -30.386102859007963
59.54954954954954 -18.872264417201432 -23.954064021005227 -30.37289472316177
59.72972972972971 -18.93432188802271 -23.94974635304882 -30.360562150991285
59.90990990990991 -19.077814669559814 -23.947449010544396 -30.34926490261455
60.09009009009009 -19.300982301146632 -23.94706665253282 -30.33909194654345
60.27027027027026 -19.602395354643136 -23.948417454359824 -30.330065815297548
60.45045045045043 -19.98059972784523 -23.951256947437905 -30.32214941107998
60.630630630630634 -20.43355792795451 -23.955293657602343 -30.31525474424932
60.81081081081081 -20.95775316232594 -23.960205565966398 -30.309253023093895
60.99099099099098 -21.546754400267925 -23.965656481844142 -30.303985493261454
61.17117117117115 -22.1889807157797 -23.971311539408973 -30.299274446286386
61.351351351351354 -22.864445250181596 -23.97685118740516 -30.294933872140742
61.53153153153153 -23.540661045904475 -23.981983213589796 -30.29077931125829
61.7117117117117 -24.16913546046016 -23.986452514771447 -30.286636556809526
61.89189189189187 -24.686252947504283 -23.990048476123548 -30.28234895847089
62.072072072072075 -25.024169228249626 -23.99260995189541 -30.27778317646897
62.25225225225225 -25.13322444287388 -23.994027940538068 -30.27283332339005
62.43243243243242 -25.00463487047607 -23.99424612122765 -30.267423507507736
62.612612612612594 -24.67476376903669 -23.993259468982334 -30.26150885362433
62.792792792792795 -24.206908886021555 -23.99111119653863 -30.255075125680225
62.97297297297297 -23.66677684693844 -23.987888287695434 -30.2481371107746
63.15315315315314 -23.10726081235145 -23.983715893327357 -30.240735948449494
63.333333333333314 -22.5647052536198 -23.97875086119239 -30.232935603961934
63.513513513513516 -22.061445423634645 -23.973174666392225 -30.224818691501053
63.69369369369369 -21.60993190675621 -23.967186002165985 -30.216481854274168
63.87387387387386 -21.216304658811875 -23.960993280944646 -30.208030904080804
64.05405405405403 -20.882927588754853 -23.9548072829019 -30.199575914057352
64.23423423423424 -20.61002418218842 -23.948834172858128 -30.191226445091996
64.41441441441441 -20.396679857867138 -23.943269085502532 -30.18308706923301
64.59459459459458 -20.24143550108942 -23.93829045288953 -30.175253332502812
64.77477477477476 -20.142627354158602 -23.934055216880708 -30.16780827526468
64.95495495495496 -20.09857158721246 -23.930695033082365 -30.16081960125366
65.13513513513513 -20.107652777790214 -23.928313532945154 -30.15433755739982
65.3153153153153 -20.168350305661697 -23.92698466870019 -30.148393556688244
65.49549549549548 -20.27922054570884 -23.926752123774207 -30.142999546725985
65.67567567567568 -20.438842045050908 -23.92762973152314 -30.13814809869876
65.85585585585585 -20.645723127585605 -23.929602809752485 -30.133813166231356
66.03603603603602 -20.89816502067707 -23.93263028945244 -30.12995144238311
66.2162162162162 -21.194067803264815 -23.936647494853744 -30.126504226425016
66.3963963963964 -21.530661154980976 -23.94156941905669 -30.12339970063882
66.57657657657657 -21.904138148360843 -23.947294335174266 -30.120555511279928
66.75675675675674 -22.309171422194236 -23.953707586597023 -30.11788154683567
66.93693693693692 -22.738304011135018 -23.960685410548372 -30.11528281027223
67.11711711711712 -23.18124446015423 -23.9680986651054 -30.112662289352503
67.29729729729729 -23.624175429996814 -23.97581634967691 -30.109923739436564
67.47747747747746 -24.049320817409118 -23.983708830903424 -30.106974305505982
67.65765765765764 -24.43518981531309 -23.991650708544107 -30.10372692356856
67.83783783783784 -24.75802409204225 -23.99952327783991 -30.10010245527612
68.01801801801801 -24.99479957571333 -24.007216565076448 -30.09603152283659
68.19819819819818 -25.127471176188074 -24.01463093090507 -30.091456023592148
68.37837837837836 -25.147157890400695 -24.021678251002268 -30.086330314604655
68.55855855855856 -25.056410242864466 -24.028282695698945 -30.080622067028905
68.73873873873873 -24.868376167584707 -24.034381139341228 -30.074312797892976
68.9189189189189 -24.603311182028964 -24.039923236555715 -30.06739809318023
69.09909909909908 -24.284136575849438 -24.04487120658456 -30.05988754093881
69.27927927927928 -23.932732227743216 -24.04919936878331 -30.051804396703016
69.45945945945945 -23.567747172284253 -24.052893472605426 -30.04318500599517
69.63963963963963 -23.203831568851143 -24.055949864288554 -30.034078010290802
69.8198198198198 -22.851796660568557 -24.058374530334525 -30.024543363767645
70.0 -22.51921299856171 -24.060182055023386 -30.01465118859048
70.18018018018017 -22.21111912627954 -24.061394525860727 -30.004480496550038
70.36036036036035 -21.930673072251206 -24.062040417224168 -29.99411780468205
70.54054054054052 -21.679685047541632 -24.062153478703294 -29.983655672114313
70.72072072072072 -21.459025200491546 -24.0617716508385 -29.97319118486732
70.9009009009009 -21.268923220370624 -24.060936027248296 -29.962824414679837
71.08108108108107 -21.10918251397486 -24.059689878558885 -29.952656877137077
71.26126126126124 -20.97933019938486 -24.0580777501645 -29.9427900134203
71.44144144144144 -20.87872023832221 -24.056144642686156 -29.933323718840022
71.62162162162161 -20.806602883044647 -24.053935281087462 -29.924354939924797
71.80180180180179 -20.762170060405374 -24.051493475765596 -29.915976360182086
71.98198198198199 -20.744583533531387 -24.048861576576208 -29.908275192706316
72.16216216216216 -20.75299060137531 -24.04608001868022 -29.90133209557424
72.34234234234233 -20.786530577611178 -24.043186957320838 -29.895220223448828
72.52252252252251 -20.844334193040886 -24.040217987149795 -29.89000442604119
72.70270270270271 -20.92551727437723 -24.037205940517865 -29.885740601100125
72.88288288288288 -21.029169480410953 -24.034180758216294 -29.88247520647854
73.06306306306305 -21.15433846380261 -24.03116942549076 -29.880244932640935
73.24324324324323 -21.30000953525084 -24.02819596572978 -29.87907653381559
73.42342342342343 -21.46508071832693 -24.025281484036167 -29.878986812949538
73.6036036036036 -21.648332997869232 -24.02244425289855 -29.879982752784258
73.78378378378378 -21.848395601000004 -24.019699832365944 -29.88206178281863
73.96396396396395 -22.063706345653312 -24.017061217464008 -29.885212169734295
74.14414414414415 -22.292467505489952 -24.014539006049812 -29.889413517082698
74.32432432432432 -22.532598348998455 -24.012141580854873 -29.894637358711126
74.5045045045045 -22.781686600393485 -24.009875300087007 -29.90084782955313
74.68468468468467 -23.036942612870416 -24.007744691625632 -29.908002397026543
74.86486486486487 -23.295162054559594 -24.005752646528563 -29.916052636347544
75.04504504504504 -23.552705265246914 -24.00390060825154 -29.924945033546273
75.22522522522522 -23.805503794636845 -24.00218875464633 -29.934621800807978
75.40540540540539 -24.049106289355528 -24.000616170435222 -29.94502168990435
75.58558558558559 -24.27877578483563 -23.999181008447042 -29.95608079085732
75.76576576576576 -24.489647261729917 -23.99788063843466 -29.967733304525886
75.94594594594594 -24.676946913332177 -23.996711782769616 -29.97991227945914
76.12612612612611 -24.83626276143944 -23.995670638724068 -29.992550305054152
76.30630630630631 -24.963841697388386 -23.99475298740154 -30.00558015474177
76.48648648648648 -25.05687458299912 -23.99395428966825 -30.018935374547734
76.66666666666666 -25.11372404049918 -23.993269769667684 -30.032550813904408
76.84684684684683 -25.134053556201895 -23.99269448667728 -30.04636309698881
77.02702702702703 -25.118832575448685 -23.99222339619169 -30.060311034116292
77.2072072072072 -25.070216425965192 -23.991851401198012 -30.074335973813113
77.38738738738738 -24.991324448976435 -23.991573394650164 -30.088382097120537
77.56756756756755 -24.885956733281162 -23.991384294157683 -30.102396656448963
77.74774774774775 -24.75829495315878 -23.991279069885408 -30.11633016190948
77.92792792792793 -24.612626640012913 -23.991252766618803 -30.130136518511303
78.1081081081081 -24.453119128252425 -23.99130052089184 -30.143773117941027
78.28828828828827 -24.283654766312146 -23.991417574003606 -30.15720088884577
78.46846846846847 -24.107726828114316 -23.991599281671405 -30.170384309645108
78.64864864864865 -23.928387739222778 -23.991841120985207 -30.183291387909165
78.82882882882882 -23.748237696443972 -23.99213869524384 -30.19589361027925
79.00900900900899 -23.569441428671574 -23.99248773717047 -30.208165866786253
79.1891891891892 -23.393762396561172 -23.992884110925168 -30.220086353254196
79.36936936936937 -23.222606057164676 -23.993323813257362 -30.231636455273257
79.54954954954954 -23.057066202237998 -23.993802974072445 -30.2428006169993
79.72972972972971 -22.89797043704334 -23.99431785662456 -30.253566197793344
79.90990990990991 -22.745922465916806 -23.99486485749309 -30.26392331946313
80.09009009009009 -22.601339998751833 -23.99544050645283 -30.273864706615505
80.27027027027026 -22.464487860633106 -23.99604146630789 -30.283385522377642
80.45045045045043 -22.335506364723127 -23.996664532726328 -30.292483201501973
80.63063063063063 -22.214435279542684 -23.997306634086154 -30.301157282635845
80.8108108108108 -22.101233853799478 -23.99796483132288 -30.30940924131556
80.99099099099098 -21.99579740565828 -23.998636317754055 -30.317242325036457
81.17117117117115 -21.897970974559883 -23.999318418846173 -30.32466139155701
81.35135135135135 -21.807560496392643 -24.00000859188338 -30.33167275141625
81.53153153153153 -21.72434191236881 -24.0007044254952 -30.338284015479807
81.7117117117117 -21.648068567743586 -24.001403639000955 -30.344503948180574
81.89189189189187 -21.578477203893634 -24.002104081531343 -30.350342326984773
82.07207207207207 -21.51529279904988 -24.002803730892403 -30.355809808492534
82.25225225225225 -21.45823247032991 -24.003500692142655 -30.3609178014732
82.43243243243242 -21.407008612913266 -24.00419319586105 -30.36567834703872
82.6126126126126 -21.361331420959864 -24.004879596090355 -30.37010400607273
82.7927927927928 -21.320910908676318 -24.005558367947685 -30.374207753957553
82.97297297297297 -21.285458528167904 -24.006228104901055 -30.378002882575707
83.15315315315314 -21.25468846272062 -24.006887515717274 -30.38150290950513
83.33333333333331 -21.228318659387178 -24.00753542109278 -30.384721494278573
83.51351351351352 -21.20607165262545 -24.00817074998427 -30.3876723615355
83.69369369369369 -21.187675220845428 -24.008792535660817 -30.390369230859797
83.87387387387386 -21.172862909636805 -24.009399911503003 -30.392825753067232
84.05405405405403 -21.1613744488647 -24.009992106577727 -30.395055452682836
84.23423423423424 -21.15295608545717 -24.01056844101973 -30.397071676329148
84.41441441441441 -21.14736084934687 -24.011128321252386 -30.3988875467318
84.59459459459458 -21.144348766477922 -24.01167123508127 -30.4005159220381
84.77477477477476 -21.143687029911877 -24.01219674669416 -30.401969360136786
84.95495495495496 -21.145150137730376 -24.012704491600804 -30.403260087663213
85.13513513513513 -21.148520004543325 -24.013194171544995 -30.404399973372527
85.3153153153153 -21.153586051893637 -24.013665549419976 -30.40540050556446
85.49549549549548 -21.160145281628097 -24.014118444216884 -30.406272773246414
85.67567567567568 -21.168002335337874 -24.014552726033603 -30.407027450726545
85.85585585585585 -21.176969542204876 -24.014968311169554 -30.40767478533485
86.03603603603602 -21.186866957002167 -24.01536515732946 -30.408224587978406
86.2162162162162 -21.197522389540676 -24.015743258956764 -30.408686226245926
86.3963963963964 -21.208771426522866 -24.016102642714955 -30.40906861978671
86.57657657657657 -21.220457446521543 -24.016443363132623 -30.40938023770005
86.75675675675674 -21.23243162864396 -24.016765498425677 -30.40962909768262
86.93693693693692 -21.24455295534269 -24.017069146507946 -30.409822766693285
87.11711711711712 -21.256688209788315 -24.017354421199162 -30.409968362907144
87.29729729729729 -21.268711968209256 -24.017621448637353 -30.410072558743366
87.47747747747746 -21.28050658762639 -24.017870363900915 -30.410141584763867
87.65765765765764 -21.291962189449485 -24.018101307843803 -30.41018123425306
87.83783783783784 -21.302976639452595 -24.01831442414606 -30.41019686830139
88.01801801801801 -21.31345552470425 -24.018509856580394 -30.41019342122846
88.19819819819818 -21.323312128082552 -24.018687746494667 -30.410175406193897
88.37837837837836 -21.33246740105583 -24.01884823050913 -30.410146920856885
88.55855855855856 -21.34084993544348 -24.018991438426575 -30.410111652957212
88.73873873873873 -21.348395934902626 -24.01911749135325 -30.41007288570325
88.9189189189189 -21.355049186887452 -24.0192265000277 -30.41003350286352
89.09909909909908 -21.36076103582234 -24.019318563354908 -30.409995993470726
89.27927927927928 -21.365490358197693 -24.019393767142855 -30.409962456058032
89.45945945945945 -21.369203540250933 -24.01945218303873 -30.409934602358803
89.63963963963963 -21.37187445882741 -24.019493867662337 -30.40991376041196
89.8198198198198 -21.37348446593313 -24.019518861934493 -30.40990087702575
90.0 -21.37402237739533 -24.01952719059867 -30.409896519563567
